# unix_time, cycles_done, cur_path, paths_total, pending_total, pending_favs, map_size, unique_crashes, unique_hangs, max_depth, execs_per_sec
1537546673, 0, 0, 7, 7, 6, 0.79%, 0, 0, 1, 2000.00
1537546678, 0, 0, 85, 85, 6, 0.84%, 0, 0, 2, 3005.56
1537546683, 0, 1, 147, 146, 15, 0.96%, 0, 0, 2, 3099.44
1537546688, 0, 1, 160, 159, 15, 0.96%, 0, 0, 2, 3008.05
1537546693, 0, 1, 221, 220, 15, 0.99%, 0, 0, 2, 3159.14
1537546698, 0, 1, 236, 235, 15, 1.00%, 0, 0, 2, 3134.56
1537546703, 0, 6, 266, 263, 39, 1.01%, 0, 0, 2, 2226.43
1537546708, 0, 6, 280, 277, 39, 1.01%, 0, 0, 2, 2089.60
1537546713, 0, 6, 282, 279, 39, 1.01%, 0, 0, 2, 2877.29
1537546718, 0, 6, 336, 333, 39, 1.01%, 0, 0, 2, 3107.30
1537546729, 0, 6, 351, 348, 39, 1.02%, 3, 0, 2, 2938.93
1537546734, 0, 6, 361, 358, 39, 1.03%, 4, 0, 2, 2999.33
1537546739, 0, 29, 364, 357, 39, 1.03%, 5, 0, 2, 3372.26
1537546744, 0, 86, 366, 355, 36, 1.03%, 5, 0, 3, 3538.61
1537546749, 0, 92, 366, 353, 35, 1.03%, 5, 0, 3, 3444.85
1537546754, 0, 101, 367, 353, 34, 1.03%, 5, 0, 3, 3034.04
1537546759, 0, 101, 371, 357, 34, 1.03%, 5, 0, 3, 3048.98
1537546764, 0, 113, 376, 361, 32, 1.03%, 5, 0, 3, 3045.59
1537546774, 0, 114, 376, 360, 31, 1.03%, 5, 0, 3, 3188.99
1537546779, 0, 117, 376, 359, 30, 1.03%, 5, 0, 3, 3130.87
1537546784, 0, 136, 379, 361, 29, 1.04%, 5, 0, 3, 3133.85
1537546789, 0, 138, 380, 361, 30, 1.04%, 5, 0, 3, 3097.70
1537546794, 0, 138, 383, 364, 30, 1.05%, 5, 0, 3, 3062.44
1537546800, 0, 143, 388, 368, 31, 1.06%, 5, 0, 3, 3041.30
1537546805, 0, 149, 389, 368, 34, 1.09%, 5, 0, 3, 3102.16
1537546810, 0, 152, 389, 367, 33, 1.09%, 5, 0, 3, 3141.13
1537546815, 0, 156, 390, 367, 33, 1.09%, 5, 0, 3, 3186.01
1537546820, 0, 161, 390, 366, 32, 1.09%, 5, 0, 3, 3257.19
1537546825, 0, 162, 394, 369, 31, 1.09%, 5, 0, 3, 3205.10
1537546830, 0, 165, 396, 370, 33, 1.13%, 5, 0, 3, 3262.38
1537546835, 0, 188, 397, 368, 31, 1.13%, 5, 0, 3, 3321.22
1537546840, 0, 203, 398, 367, 29, 1.13%, 5, 0, 3, 3348.01
1537546845, 0, 210, 401, 369, 27, 1.13%, 6, 0, 3, 3121.70
1537546855, 0, 215, 403, 370, 27, 1.14%, 7, 0, 3, 3011.65
1537546860, 0, 220, 404, 370, 26, 1.14%, 7, 0, 3, 2813.78
1537546865, 0, 220, 406, 372, 26, 1.14%, 7, 0, 3, 2600.20
1537546870, 0, 224, 407, 372, 26, 1.14%, 7, 0, 3, 3042.78
1537546876, 0, 227, 407, 371, 25, 1.14%, 7, 0, 3, 2760.84
1537546886, 0, 256, 407, 369, 23, 1.14%, 7, 0, 3, 2119.88
1537546931, 0, 265, 407, 368, 23, 1.14%, 8, 0, 3, 1360.97
1537546967, 0, 335, 407, 367, 23, 1.14%, 9, 0, 3, 1486.79
1537546987, 0, 339, 408, 367, 22, 1.14%, 9, 0, 3, 2094.05
1537546992, 0, 339, 426, 385, 22, 1.14%, 9, 0, 3, 1974.15
1537546997, 0, 339, 427, 386, 22, 1.14%, 9, 0, 3, 2654.69
1537547002, 0, 339, 427, 386, 22, 1.14%, 10, 0, 3, 2054.89
1537547023, 0, 352, 434, 392, 22, 1.14%, 10, 0, 3, 1611.05
1537547028, 0, 352, 438, 396, 22, 1.14%, 10, 0, 3, 1789.44
1537547043, 0, 352, 440, 398, 22, 1.14%, 10, 0, 3, 1305.88
1537547069, 0, 352, 441, 399, 22, 1.14%, 10, 0, 3, 1222.75
1537547074, 0, 361, 445, 402, 23, 1.14%, 10, 0, 3, 1887.97
1537547079, 0, 361, 447, 404, 23, 1.14%, 11, 0, 3, 2854.84
1537547089, 0, 362, 447, 403, 22, 1.14%, 11, 0, 3, 2479.38
1537547104, 0, 364, 447, 402, 21, 1.14%, 11, 0, 3, 2969.56
1537547109, 0, 370, 447, 401, 20, 1.14%, 11, 0, 3, 3000.96
1537547114, 0, 370, 452, 406, 20, 1.15%, 11, 0, 4, 3184.91
1537547125, 0, 379, 453, 406, 23, 1.15%, 11, 0, 4, 2753.14
1537547135, 0, 382, 453, 405, 22, 1.15%, 11, 0, 4, 3189.13
1537547140, 0, 383, 453, 404, 21, 1.15%, 11, 0, 4, 3082.02
1537547145, 0, 384, 453, 403, 20, 1.15%, 11, 0, 4, 3158.80
1537547150, 0, 385, 453, 402, 19, 1.15%, 11, 0, 4, 2825.76
1537547160, 0, 388, 453, 401, 18, 1.15%, 11, 0, 4, 2967.98
1537547165, 0, 389, 453, 400, 17, 1.15%, 11, 0, 4, 2867.15
1537547170, 0, 389, 454, 401, 17, 1.15%, 11, 0, 4, 2915.52
1537547175, 0, 391, 456, 401, 17, 1.15%, 11, 0, 4, 3033.71
1537547180, 0, 391, 457, 402, 17, 1.16%, 11, 0, 4, 2861.35
1537547185, 0, 393, 458, 401, 17, 1.16%, 11, 0, 4, 3149.94
1537547190, 0, 394, 459, 401, 16, 1.16%, 12, 0, 4, 3075.50
1537547196, 0, 398, 460, 400, 16, 1.16%, 13, 0, 4, 3242.01
1537547201, 0, 398, 461, 401, 16, 1.16%, 13, 0, 4, 2929.68
1537547206, 0, 398, 465, 405, 16, 1.17%, 15, 0, 4, 3010.35
1537547211, 0, 400, 471, 410, 19, 1.17%, 16, 0, 4, 3110.93
1537547221, 0, 402, 472, 410, 19, 1.17%, 16, 0, 4, 2592.92
1537547231, 0, 427, 472, 409, 18, 1.17%, 16, 0, 4, 2107.52
1537547246, 0, 427, 472, 409, 18, 1.17%, 17, 0, 4, 2384.47
1537547266, 0, 433, 474, 410, 17, 1.17%, 17, 0, 4, 1345.38
1537547272, 0, 433, 479, 415, 17, 1.17%, 17, 0, 4, 1551.45
1537547287, 0, 433, 479, 415, 17, 1.17%, 18, 0, 4, 1545.87
1537547317, 0, 433, 481, 417, 17, 1.17%, 18, 0, 4, 1197.99
1537547323, 0, 435, 484, 419, 16, 1.17%, 18, 0, 4, 1612.69
1537547343, 0, 435, 485, 420, 16, 1.17%, 18, 0, 4, 1322.33
1537547373, 0, 447, 486, 420, 16, 1.17%, 18, 0, 4, 1392.86
1537547384, 0, 449, 486, 419, 15, 1.17%, 18, 0, 4, 2368.84
1537547394, 0, 450, 486, 418, 14, 1.17%, 18, 0, 4, 2981.66
1537547404, 0, 451, 486, 417, 13, 1.17%, 18, 0, 4, 3031.16
1537547409, 0, 453, 486, 416, 12, 1.17%, 18, 0, 4, 3046.27
1537547414, 0, 454, 486, 415, 11, 1.17%, 18, 0, 4, 3129.59
1537547419, 0, 455, 487, 415, 11, 1.18%, 18, 0, 5, 3188.28
1537547424, 0, 455, 488, 416, 11, 1.18%, 18, 0, 5, 3139.33
1537547429, 0, 456, 489, 416, 10, 1.19%, 18, 0, 5, 3173.44
1537547434, 0, 458, 489, 415, 10, 1.19%, 18, 0, 5, 3127.84
1537547439, 0, 460, 491, 415, 10, 1.19%, 18, 0, 5, 3113.59
1537547449, 0, 464, 491, 414, 9, 1.19%, 21, 0, 5, 3002.20
1537547454, 0, 464, 493, 416, 9, 1.19%, 21, 0, 5, 2946.12
1537547459, 0, 464, 497, 420, 9, 1.19%, 24, 0, 5, 3011.83
1537547464, 0, 465, 497, 419, 10, 1.19%, 25, 0, 5, 2838.83
1537547475, 0, 480, 497, 417, 8, 1.19%, 25, 0, 5, 2550.83
1537547480, 0, 480, 498, 418, 8, 1.19%, 26, 0, 5, 1888.59
1537547531, 0, 480, 498, 418, 8, 1.19%, 27, 0, 5, 1207.96
1537547536, 0, 480, 509, 429, 8, 1.19%, 31, 0, 5, 1925.35
1537547541, 0, 484, 510, 429, 9, 1.19%, 32, 0, 5, 2023.06
1537547546, 0, 484, 511, 430, 9, 1.19%, 32, 0, 5, 1775.27
1537547597, 0, 484, 512, 431, 9, 1.19%, 32, 0, 5, 1075.88
1537547602, 0, 486, 512, 430, 8, 1.19%, 32, 0, 5, 2336.83
1537547607, 0, 487, 512, 429, 7, 1.19%, 32, 0, 5, 2889.08
1537547617, 0, 488, 512, 428, 6, 1.19%, 32, 0, 5, 3165.37
1537547622, 0, 489, 512, 427, 5, 1.19%, 32, 0, 5, 3121.71
1537547627, 0, 493, 517, 430, 4, 1.20%, 32, 0, 6, 3160.40
1537547632, 0, 493, 518, 431, 4, 1.20%, 32, 0, 6, 3031.36
1537547637, 0, 494, 518, 430, 7, 1.20%, 32, 0, 6, 3006.76
1537547643, 0, 505, 518, 429, 6, 1.20%, 33, 0, 6, 2902.70
1537547648, 0, 505, 523, 434, 6, 1.20%, 33, 0, 6, 1873.44
1537547653, 0, 505, 524, 435, 6, 1.20%, 33, 0, 6, 2212.21
1537547704, 0, 505, 526, 437, 6, 1.20%, 34, 0, 6, 1597.44
1537547709, 0, 505, 528, 439, 6, 1.20%, 37, 0, 6, 2407.05
1537547714, 0, 509, 530, 440, 5, 1.20%, 37, 0, 6, 1750.45
1537547719, 0, 509, 531, 441, 5, 1.20%, 37, 0, 6, 1660.02
1537547735, 0, 509, 534, 444, 5, 1.20%, 37, 0, 6, 1354.63
1537547780, 0, 509, 540, 450, 5, 1.20%, 40, 0, 6, 2010.91
1537547785, 0, 514, 541, 449, 4, 1.20%, 42, 0, 6, 2754.60
1537547796, 0, 515, 541, 448, 3, 1.20%, 42, 0, 6, 3005.92
1537547806, 0, 516, 541, 447, 2, 1.20%, 42, 0, 6, 3131.97
1537547811, 0, 517, 542, 447, 1, 1.20%, 42, 0, 7, 3080.49
1537547821, 0, 537, 543, 447, 1, 1.20%, 42, 0, 7, 1988.13
1537547882, 0, 537, 544, 448, 1, 1.20%, 42, 0, 7, 1162.62
1537547887, 0, 537, 548, 452, 1, 1.20%, 42, 0, 7, 2214.74
1537547892, 0, 541, 550, 453, 2, 1.20%, 43, 0, 7, 2766.86
1537547903, 0, 545, 550, 452, 1, 1.20%, 43, 0, 7, 2130.85
1537547908, 0, 545, 551, 453, 1, 1.20%, 43, 0, 8, 2188.52
1537547958, 0, 550, 552, 453, 1, 1.20%, 43, 0, 9, 1686.48
1537547963, 0, 550, 556, 457, 1, 1.20%, 43, 0, 9, 1786.65
1537547979, 0, 550, 558, 459, 1, 1.20%, 43, 0, 9, 1481.54
1537548019, 0, 550, 566, 467, 1, 1.20%, 49, 0, 9, 2394.50
1537548024, 0, 555, 567, 467, 1, 1.20%, 49, 0, 9, 2023.90
1537548040, 0, 555, 567, 467, 1, 1.20%, 50, 0, 9, 1681.11
1537548080, 0, 555, 569, 469, 1, 1.20%, 50, 0, 10, 2099.26
1537548085, 1, 9, 570, 469, 0, 1.20%, 50, 0, 10, 2453.70
1537548090, 1, 19, 570, 465, 0, 1.20%, 50, 0, 10, 3165.30
1537548095, 1, 46, 570, 460, 0, 1.20%, 50, 0, 10, 3244.95
1537548100, 1, 51, 570, 457, 0, 1.20%, 50, 0, 10, 3265.62
1537548105, 1, 55, 570, 456, 0, 1.20%, 50, 0, 10, 3397.72
1537548110, 1, 71, 571, 454, 0, 1.20%, 50, 0, 10, 3326.66
1537548115, 1, 83, 571, 452, 0, 1.20%, 50, 0, 10, 2918.70
1537548121, 1, 89, 571, 450, 0, 1.20%, 50, 0, 10, 3240.08
1537548126, 1, 90, 571, 449, 0, 1.20%, 50, 0, 10, 3086.52
1537548131, 1, 96, 571, 446, 0, 1.20%, 50, 0, 10, 2874.16
1537548141, 1, 97, 572, 446, 0, 1.20%, 50, 0, 10, 2743.24
1537548151, 1, 100, 572, 445, 0, 1.20%, 50, 0, 10, 2676.04
1537548161, 1, 102, 572, 444, 0, 1.20%, 50, 0, 10, 2114.42
1537548171, 1, 104, 572, 443, 0, 1.20%, 50, 0, 10, 2447.83
1537548181, 1, 105, 572, 442, 0, 1.20%, 50, 0, 10, 2792.74
1537548186, 1, 109, 572, 441, 0, 1.20%, 50, 0, 10, 2863.75
1537548197, 1, 120, 572, 440, 0, 1.20%, 50, 0, 10, 2751.78
1537548202, 1, 125, 572, 439, 0, 1.20%, 50, 0, 10, 2809.38
1537548212, 1, 127, 572, 438, 0, 1.20%, 50, 0, 10, 2879.43
1537548223, 1, 133, 572, 437, 0, 1.20%, 50, 0, 10, 2973.66
1537548228, 1, 135, 572, 436, 0, 1.20%, 50, 0, 10, 2862.64
1537548238, 1, 139, 573, 436, 0, 1.20%, 50, 0, 10, 2891.02
1537548248, 1, 147, 573, 435, 0, 1.20%, 50, 0, 10, 2903.03
1537548258, 1, 168, 573, 434, 0, 1.20%, 50, 0, 10, 2810.22
1537548269, 1, 178, 573, 433, 0, 1.20%, 51, 0, 10, 2763.93
1537548279, 1, 181, 573, 432, 0, 1.20%, 51, 0, 10, 2793.23
1537548284, 1, 182, 573, 431, 0, 1.20%, 51, 0, 10, 2542.24
1537548294, 1, 184, 573, 430, 0, 1.20%, 51, 0, 10, 2695.89
1537548304, 1, 185, 573, 429, 0, 1.20%, 51, 0, 10, 2791.78
1537548309, 1, 194, 573, 428, 0, 1.20%, 51, 0, 10, 2872.67
1537548319, 1, 202, 573, 427, 0, 1.20%, 51, 0, 10, 2985.36
1537548324, 1, 204, 575, 428, 0, 1.20%, 51, 0, 10, 2777.99
1537548335, 1, 204, 578, 431, 0, 1.20%, 51, 0, 10, 2966.65
1537548340, 1, 213, 578, 430, 0, 1.20%, 51, 0, 10, 2920.80
1537548345, 1, 214, 579, 430, 0, 1.20%, 51, 0, 10, 2797.37
1537548355, 1, 218, 579, 429, 0, 1.20%, 51, 0, 10, 2352.61
1537548365, 1, 225, 579, 428, 0, 1.20%, 51, 0, 10, 2714.56
1537548375, 1, 229, 579, 427, 0, 1.20%, 51, 0, 10, 2997.81
1537548380, 1, 231, 579, 426, 0, 1.20%, 51, 0, 10, 2904.94
1537548390, 1, 231, 583, 430, 0, 1.20%, 51, 0, 10, 2962.79
1537548395, 1, 231, 585, 432, 0, 1.20%, 52, 0, 10, 3150.20
1537548400, 1, 232, 585, 431, 0, 1.20%, 52, 0, 10, 2876.42
1537548411, 1, 235, 585, 430, 0, 1.20%, 52, 0, 10, 2960.10
1537548416, 1, 245, 585, 429, 0, 1.20%, 52, 0, 10, 2478.81
1537548456, 1, 255, 585, 428, 0, 1.20%, 52, 0, 10, 1628.57
1537548502, 1, 262, 585, 427, 0, 1.20%, 52, 0, 10, 1187.38
1537548554, 1, 264, 585, 426, 0, 1.20%, 52, 0, 10, 1726.08
1537548594, 1, 266, 585, 425, 0, 1.20%, 53, 0, 10, 1706.48
1537548645, 1, 271, 585, 424, 0, 1.20%, 53, 0, 10, 1743.70
1537548686, 1, 274, 585, 423, 0, 1.20%, 53, 0, 10, 1714.52
1537548727, 1, 276, 585, 422, 0, 1.20%, 53, 0, 10, 1665.59
1537548773, 1, 280, 585, 421, 0, 1.20%, 53, 0, 10, 1742.04
1537548813, 1, 281, 585, 420, 0, 1.20%, 53, 0, 10, 1685.74
1537548859, 1, 286, 585, 419, 0, 1.20%, 53, 0, 10, 2600.52
1537548864, 1, 287, 585, 418, 0, 1.20%, 53, 0, 10, 3201.85
1537548869, 1, 290, 585, 417, 0, 1.20%, 53, 0, 10, 3241.85
1537548874, 1, 291, 585, 416, 0, 1.20%, 53, 0, 10, 3365.89
1537548879, 1, 294, 585, 415, 0, 1.20%, 53, 0, 10, 3231.46
1537548884, 1, 299, 585, 414, 0, 1.20%, 53, 0, 10, 3291.96
1537548890, 1, 303, 585, 413, 0, 1.20%, 53, 0, 10, 3219.87
1537548900, 1, 311, 585, 412, 0, 1.20%, 53, 0, 10, 3340.25
1537548905, 1, 314, 585, 411, 0, 1.20%, 53, 0, 10, 3000.63
1537548915, 1, 326, 585, 410, 0, 1.20%, 53, 0, 10, 3042.49
1537548930, 1, 330, 585, 409, 0, 1.20%, 53, 0, 10, 3088.59
1537548940, 1, 331, 585, 408, 0, 1.20%, 53, 0, 10, 2819.53
1537548956, 1, 332, 585, 407, 0, 1.20%, 53, 0, 10, 2933.46
1537548966, 1, 335, 585, 406, 0, 1.20%, 53, 0, 10, 2524.91
1537548971, 1, 344, 585, 406, 0, 1.20%, 53, 0, 10, 1806.09
