# unix_time, cycles_done, cur_path, paths_total, pending_total, pending_favs, map_size, unique_crashes, unique_hangs, max_depth, execs_per_sec
1537543095, 0, 0, 7, 7, 5, 0.71%, 0, 0, 1, 767.12
1537543100, 0, 1, 91, 91, 5, 0.88%, 0, 0, 2, 2890.57
1537543106, 0, 1, 188, 188, 5, 0.98%, 0, 0, 2, 3341.84
1537543111, 0, 3, 208, 207, 45, 1.03%, 1, 0, 2, 3382.15
1537543116, 0, 3, 209, 208, 45, 1.03%, 1, 0, 2, 3342.21
1537543121, 0, 3, 234, 233, 45, 1.04%, 5, 0, 2, 3705.44
1537543126, 0, 6, 241, 239, 52, 1.04%, 5, 0, 2, 315.18
1537543136, 0, 6, 242, 240, 52, 1.04%, 5, 0, 2, 190.33
1537543141, 0, 6, 247, 245, 52, 1.04%, 5, 0, 2, 197.76
1537543146, 0, 6, 253, 251, 52, 1.04%, 5, 0, 2, 477.37
1537543156, 0, 6, 254, 252, 52, 1.04%, 5, 0, 2, 215.30
1537543167, 0, 6, 255, 253, 52, 1.04%, 5, 0, 2, 1659.17
1537543187, 0, 6, 281, 279, 52, 1.04%, 5, 0, 2, 2297.73
1537543223, 0, 20, 286, 282, 53, 1.08%, 5, 0, 3, 3532.35
1537543228, 0, 20, 288, 284, 53, 1.08%, 5, 0, 3, 3309.24
1537543233, 0, 27, 300, 295, 54, 1.09%, 5, 0, 3, 3482.40
1537543243, 0, 36, 300, 294, 54, 1.09%, 5, 0, 3, 3532.94
1537543248, 0, 53, 301, 294, 53, 1.09%, 5, 0, 3, 3503.67
1537543253, 0, 57, 302, 294, 54, 1.09%, 5, 0, 3, 3493.26
1537543258, 0, 58, 304, 295, 54, 1.10%, 5, 0, 3, 3621.91
1537543263, 0, 60, 308, 298, 53, 1.10%, 5, 0, 3, 3520.32
1537543268, 0, 60, 309, 299, 53, 1.10%, 5, 0, 3, 3574.17
1537543273, 0, 62, 310, 299, 54, 1.10%, 5, 0, 3, 3484.73
1537543278, 0, 70, 311, 299, 53, 1.10%, 5, 0, 3, 3465.11
1537543283, 0, 91, 311, 298, 53, 1.10%, 5, 0, 3, 3804.01
1537543288, 0, 92, 311, 297, 52, 1.10%, 5, 0, 3, 3675.05
1537543294, 0, 93, 312, 297, 52, 1.10%, 5, 0, 3, 3845.05
1537543299, 0, 96, 312, 296, 51, 1.10%, 5, 0, 3, 3673.95
1537543304, 0, 103, 313, 296, 51, 1.10%, 5, 0, 3, 3412.36
1537543309, 0, 108, 319, 301, 51, 1.10%, 5, 0, 3, 3690.49
1537543314, 0, 122, 320, 299, 49, 1.11%, 5, 0, 3, 3547.78
1537543319, 0, 128, 320, 298, 48, 1.11%, 5, 0, 3, 3603.19
1537543324, 0, 128, 323, 301, 48, 1.11%, 5, 0, 3, 3447.74
1537543329, 0, 129, 332, 309, 49, 1.13%, 5, 0, 3, 3780.47
1537543334, 0, 147, 332, 307, 47, 1.13%, 5, 0, 3, 3990.76
1537543339, 0, 157, 332, 306, 46, 1.13%, 5, 0, 3, 3734.70
1537543344, 0, 173, 337, 309, 45, 1.13%, 5, 0, 3, 3492.63
1537543349, 0, 178, 340, 311, 44, 1.13%, 5, 0, 3, 3408.56
1537543354, 0, 179, 344, 314, 44, 1.13%, 5, 0, 3, 3650.65
1537543359, 0, 179, 355, 325, 44, 1.13%, 5, 0, 3, 3806.10
1537543364, 0, 179, 361, 331, 44, 1.14%, 5, 0, 3, 3975.24
1537543369, 0, 185, 365, 333, 44, 1.14%, 5, 0, 3, 3709.18
1537543375, 0, 192, 366, 333, 44, 1.14%, 5, 0, 3, 3470.65
1537543380, 0, 205, 369, 335, 44, 1.14%, 6, 0, 3, 3396.71
1537543390, 0, 206, 370, 335, 44, 1.14%, 7, 0, 3, 3295.54
1537543395, 0, 206, 371, 336, 44, 1.14%, 7, 0, 3, 3427.01
1537543400, 0, 207, 371, 335, 44, 1.14%, 7, 0, 3, 3342.40
1537543405, 0, 209, 371, 334, 43, 1.14%, 7, 0, 3, 3465.27
1537543415, 0, 210, 371, 333, 42, 1.14%, 9, 0, 3, 3422.20
1537543420, 0, 212, 371, 332, 41, 1.14%, 10, 0, 3, 3297.09
1537543430, 0, 213, 371, 331, 40, 1.14%, 12, 0, 3, 3305.73
1537543435, 0, 217, 371, 330, 39, 1.14%, 12, 0, 3, 3377.12
1537543445, 0, 241, 373, 331, 39, 1.14%, 15, 0, 3, 397.99
1537543450, 0, 241, 374, 332, 39, 1.14%, 15, 0, 3, 374.71
1537543456, 0, 241, 375, 333, 39, 1.14%, 22, 0, 3, 312.64
1537543461, 0, 241, 375, 333, 39, 1.14%, 27, 0, 3, 473.12
1537543466, 0, 241, 375, 333, 39, 1.14%, 29, 0, 3, 321.71
1537543471, 0, 241, 375, 333, 39, 1.14%, 32, 0, 3, 481.56
1537543481, 0, 241, 375, 333, 39, 1.14%, 36, 0, 3, 1709.54
1537543486, 0, 241, 375, 333, 39, 1.14%, 41, 0, 3, 1710.15
1537543512, 0, 241, 376, 334, 39, 1.14%, 44, 0, 3, 226.95
1537543517, 0, 241, 376, 334, 39, 1.14%, 45, 0, 3, 225.63
1537543527, 0, 241, 376, 334, 39, 1.14%, 46, 0, 3, 223.64
1537543629, 0, 241, 377, 335, 39, 1.14%, 48, 0, 3, 349.77
1537543634, 0, 241, 379, 337, 39, 1.14%, 50, 0, 3, 251.23
1537543639, 0, 264, 381, 338, 39, 1.14%, 51, 0, 3, 1644.28
1537543649, 0, 282, 382, 338, 38, 1.14%, 51, 0, 4, 3062.80
1537543654, 0, 282, 384, 340, 38, 1.15%, 51, 0, 4, 3362.95
1537543659, 0, 283, 387, 342, 40, 1.15%, 51, 0, 4, 3797.72
1537543669, 0, 285, 388, 342, 39, 1.17%, 51, 0, 4, 3672.53
1537543675, 0, 293, 391, 344, 40, 1.17%, 51, 0, 4, 3530.15
1537543685, 0, 294, 394, 346, 40, 1.17%, 51, 0, 4, 3452.84
1537543690, 0, 294, 399, 351, 40, 1.17%, 51, 0, 4, 3483.90
1537543695, 0, 298, 401, 352, 39, 1.18%, 51, 0, 4, 3653.03
1537543700, 0, 298, 403, 354, 39, 1.18%, 51, 0, 4, 3405.19
1537543705, 0, 299, 403, 353, 38, 1.18%, 51, 0, 4, 3473.52
1537543710, 0, 300, 404, 353, 37, 1.18%, 51, 0, 4, 3603.94
1537543715, 0, 301, 405, 353, 36, 1.18%, 51, 0, 4, 3526.62
1537543720, 0, 301, 406, 354, 36, 1.18%, 51, 0, 4, 3534.61
1537543725, 0, 302, 406, 353, 35, 1.18%, 51, 0, 4, 3414.49
1537543730, 0, 302, 410, 357, 35, 1.18%, 51, 0, 4, 3089.24
1537543735, 0, 305, 414, 360, 35, 1.18%, 51, 0, 4, 3390.23
1537543745, 0, 306, 415, 360, 35, 1.18%, 51, 0, 4, 3468.28
1537543751, 0, 308, 415, 359, 34, 1.18%, 51, 0, 4, 3282.16
1537543756, 0, 309, 415, 358, 33, 1.18%, 51, 0, 4, 3300.06
1537543766, 0, 311, 416, 358, 32, 1.18%, 51, 0, 4, 3667.53
1537543771, 0, 312, 417, 358, 31, 1.18%, 51, 0, 4, 3677.50
1537543776, 0, 314, 422, 362, 30, 1.18%, 51, 0, 4, 3606.49
1537543781, 0, 319, 423, 362, 29, 1.18%, 51, 0, 4, 3631.50
1537543786, 0, 320, 425, 363, 28, 1.18%, 51, 0, 4, 3765.13
1537543791, 0, 325, 426, 363, 27, 1.18%, 51, 0, 4, 3521.16
1537543796, 0, 325, 427, 364, 27, 1.18%, 51, 0, 4, 3473.41
1537543801, 0, 327, 428, 364, 28, 1.18%, 51, 0, 4, 3411.28
1537543806, 0, 329, 428, 363, 27, 1.18%, 51, 0, 4, 3427.63
1537543811, 0, 329, 429, 364, 27, 1.18%, 51, 0, 4, 3568.25
1537543816, 0, 340, 430, 363, 25, 1.19%, 51, 0, 4, 3727.88
1537543821, 0, 342, 432, 364, 25, 1.19%, 51, 0, 4, 3818.88
1537543826, 0, 344, 432, 363, 26, 1.19%, 51, 0, 4, 3780.45
1537543831, 0, 357, 434, 364, 25, 1.20%, 51, 0, 4, 3687.54
1537543837, 0, 358, 435, 364, 25, 1.20%, 51, 0, 4, 3643.85
1537543847, 0, 359, 435, 363, 24, 1.20%, 51, 0, 4, 3754.56
1537543852, 0, 360, 439, 366, 23, 1.20%, 51, 0, 4, 3705.31
1537543857, 0, 364, 442, 368, 22, 1.20%, 51, 0, 4, 3629.32
1537543862, 0, 365, 443, 368, 21, 1.20%, 51, 0, 4, 3567.24
1537543867, 0, 365, 445, 370, 21, 1.20%, 51, 0, 4, 3470.63
1537543872, 0, 367, 446, 370, 22, 1.20%, 51, 0, 4, 3564.39
1537543877, 0, 369, 447, 370, 22, 1.20%, 51, 0, 4, 3235.46
1537543892, 0, 370, 449, 371, 21, 1.20%, 52, 0, 4, 3335.59
1537543897, 0, 370, 452, 374, 21, 1.20%, 52, 0, 4, 3461.70
1537543903, 0, 370, 454, 376, 21, 1.20%, 52, 0, 4, 3692.35
1537543908, 0, 372, 454, 375, 21, 1.20%, 52, 0, 4, 3553.11
1537543913, 0, 377, 454, 374, 20, 1.20%, 52, 0, 4, 302.89
1537543918, 0, 377, 455, 375, 20, 1.20%, 52, 0, 4, 455.19
1537543933, 0, 377, 455, 375, 20, 1.20%, 53, 0, 4, 304.06
1537544086, 0, 377, 456, 376, 20, 1.20%, 53, 0, 4, 282.12
1537544116, 0, 377, 457, 377, 20, 1.20%, 53, 0, 4, 308.16
1537544121, 0, 377, 458, 378, 20, 1.20%, 53, 0, 4, 243.81
1537544126, 0, 377, 462, 382, 20, 1.20%, 53, 0, 4, 224.94
1537544131, 0, 377, 463, 383, 20, 1.20%, 53, 0, 4, 227.64
1537544142, 0, 382, 463, 382, 21, 1.20%, 53, 0, 4, 3205.71
1537544152, 0, 383, 463, 381, 20, 1.20%, 53, 0, 4, 3389.93
1537544157, 0, 384, 464, 381, 19, 1.20%, 53, 0, 5, 3431.55
1537544162, 0, 385, 464, 380, 18, 1.20%, 53, 0, 5, 3702.37
1537544167, 0, 385, 465, 381, 18, 1.20%, 53, 0, 5, 3600.47
1537544172, 0, 385, 469, 385, 18, 1.20%, 53, 0, 5, 4029.57
1537544177, 0, 387, 470, 385, 18, 1.20%, 53, 0, 5, 3746.01
1537544182, 0, 391, 470, 384, 17, 1.20%, 53, 0, 5, 3734.89
1537544192, 0, 391, 477, 391, 17, 1.21%, 53, 0, 5, 3775.13
1537544197, 0, 395, 478, 391, 19, 1.21%, 53, 0, 5, 3540.17
1537544203, 0, 395, 480, 393, 19, 1.21%, 53, 0, 5, 3624.63
1537544208, 0, 405, 480, 392, 20, 1.21%, 53, 0, 5, 3672.81
1537544213, 0, 406, 481, 392, 19, 1.21%, 53, 0, 5, 3729.17
1537544218, 0, 424, 485, 395, 18, 1.21%, 53, 0, 5, 3562.49
1537544223, 0, 424, 492, 402, 18, 1.21%, 53, 0, 5, 3948.44
1537544228, 0, 429, 494, 403, 21, 1.21%, 53, 0, 5, 3864.44
1537544233, 0, 430, 494, 402, 20, 1.21%, 53, 0, 5, 3905.54
1537544238, 0, 431, 495, 402, 19, 1.21%, 53, 0, 5, 3773.70
1537544243, 0, 432, 495, 401, 19, 1.21%, 53, 0, 5, 3860.26
1537544253, 0, 432, 500, 406, 19, 1.21%, 53, 0, 5, 3989.67
1537544258, 0, 443, 504, 409, 19, 1.21%, 53, 0, 5, 3548.56
1537544263, 0, 444, 504, 408, 19, 1.21%, 53, 0, 5, 3242.97
1537544268, 0, 444, 505, 409, 19, 1.21%, 53, 0, 5, 3396.52
1537544273, 0, 446, 506, 409, 18, 1.21%, 53, 0, 5, 3404.99
1537544278, 0, 446, 507, 410, 18, 1.21%, 53, 0, 5, 3584.92
1537544283, 0, 450, 507, 409, 18, 1.21%, 53, 0, 5, 3667.88
1537544289, 0, 455, 507, 408, 17, 1.21%, 53, 0, 5, 334.70
1537544309, 0, 455, 507, 408, 17, 1.21%, 54, 0, 5, 590.19
1537544319, 0, 455, 508, 409, 17, 1.21%, 54, 0, 5, 1490.59
1537544523, 0, 455, 508, 409, 17, 1.21%, 55, 0, 5, 228.49
1537544538, 0, 456, 508, 408, 16, 1.21%, 55, 0, 5, 297.92
1537544554, 0, 456, 508, 408, 16, 1.21%, 63, 0, 5, 524.24
1537544564, 0, 456, 509, 409, 16, 1.22%, 65, 0, 5, 540.33
1537544574, 0, 456, 509, 409, 16, 1.22%, 66, 0, 5, 1625.87
1537544579, 0, 456, 509, 409, 16, 1.22%, 67, 0, 5, 1737.73
1537544768, 0, 456, 510, 410, 16, 1.22%, 67, 0, 5, 285.00
1537544778, 0, 456, 511, 411, 16, 1.22%, 67, 0, 5, 225.15
1537544804, 0, 464, 511, 410, 17, 1.22%, 67, 0, 5, 1392.87
1537544814, 0, 475, 514, 412, 16, 1.22%, 67, 0, 6, 3018.92
1537544824, 0, 479, 515, 412, 16, 1.22%, 67, 0, 6, 3165.88
1537544834, 0, 480, 515, 411, 15, 1.22%, 67, 0, 6, 3495.14
1537544839, 0, 483, 517, 412, 15, 1.22%, 70, 0, 6, 3719.56
1537544844, 0, 483, 522, 417, 15, 1.22%, 70, 0, 6, 3909.07
1537544849, 0, 485, 526, 420, 14, 1.22%, 70, 0, 6, 3989.09
1537544854, 0, 485, 528, 422, 14, 1.22%, 70, 0, 6, 4001.06
1537544859, 0, 490, 529, 422, 16, 1.22%, 70, 0, 6, 3761.60
1537544864, 0, 491, 529, 421, 15, 1.22%, 70, 0, 6, 3602.63
1537544869, 0, 492, 529, 420, 14, 1.22%, 70, 0, 6, 3823.85
1537544874, 0, 493, 529, 419, 13, 1.22%, 70, 0, 6, 3827.99
1537544880, 0, 494, 530, 419, 12, 1.22%, 70, 0, 6, 3746.43
1537544885, 0, 497, 530, 418, 11, 1.22%, 70, 0, 6, 3804.91
1537544890, 0, 502, 531, 418, 10, 1.22%, 70, 0, 6, 3666.22
1537544900, 0, 504, 537, 423, 9, 1.23%, 70, 0, 6, 3349.97
1537544910, 0, 504, 543, 429, 9, 1.23%, 70, 0, 6, 3498.16
1537544915, 0, 506, 544, 429, 16, 1.23%, 70, 0, 6, 3660.76
1537544920, 0, 508, 546, 430, 16, 1.23%, 70, 0, 6, 474.42
1537544931, 0, 508, 546, 430, 16, 1.23%, 73, 0, 6, 647.30
1537544941, 0, 508, 547, 431, 16, 1.23%, 74, 0, 6, 509.69
1537544976, 0, 508, 547, 431, 16, 1.23%, 75, 0, 6, 365.31
1537544992, 0, 508, 547, 431, 16, 1.23%, 88, 0, 6, 353.55
1537545109, 0, 508, 548, 432, 16, 1.23%, 88, 0, 6, 351.83
1537545114, 0, 508, 548, 432, 16, 1.23%, 91, 0, 6, 353.50
1537545119, 0, 508, 549, 433, 16, 1.24%, 91, 0, 6, 349.05
1537545124, 0, 509, 550, 433, 18, 1.24%, 91, 0, 6, 261.27
1537545134, 0, 509, 551, 434, 18, 1.24%, 91, 0, 6, 301.79
1537545358, 0, 509, 552, 435, 18, 1.24%, 91, 0, 6, 258.13
1537545384, 0, 509, 553, 436, 18, 1.24%, 91, 0, 6, 230.65
1537545394, 0, 514, 555, 437, 18, 1.24%, 92, 0, 7, 1951.87
1537545410, 0, 515, 555, 436, 17, 1.24%, 94, 0, 7, 3380.66
1537545415, 0, 523, 558, 438, 17, 1.24%, 96, 0, 7, 3430.53
1537545420, 0, 523, 562, 442, 17, 1.24%, 96, 0, 7, 3847.10
1537545425, 0, 525, 563, 442, 19, 1.24%, 96, 0, 7, 4003.86
1537545430, 0, 526, 563, 441, 18, 1.24%, 96, 0, 7, 3973.36
1537545435, 0, 526, 566, 444, 18, 1.24%, 96, 0, 7, 3860.27
1537545440, 0, 531, 569, 446, 18, 1.24%, 96, 0, 7, 3915.29
1537545450, 0, 532, 569, 445, 17, 1.24%, 96, 0, 7, 3388.26
1537545460, 0, 533, 569, 444, 16, 1.24%, 96, 0, 7, 3379.10
1537545470, 0, 533, 572, 447, 16, 1.24%, 96, 0, 7, 3551.58
1537545475, 0, 534, 573, 447, 17, 1.24%, 96, 0, 7, 3547.79
1537545485, 0, 535, 573, 446, 16, 1.24%, 96, 0, 7, 3459.67
1537545496, 0, 536, 574, 446, 16, 1.24%, 96, 0, 7, 3428.89
1537545506, 0, 540, 574, 445, 15, 1.24%, 96, 0, 7, 3324.82
1537545516, 0, 542, 575, 445, 14, 1.24%, 96, 0, 7, 3396.28
1537545526, 0, 545, 581, 450, 14, 1.25%, 96, 0, 7, 3494.15
1537545531, 0, 546, 582, 450, 13, 1.25%, 96, 0, 7, 308.27
1537545587, 0, 546, 582, 450, 13, 1.25%, 99, 0, 7, 415.65
1537545592, 0, 546, 582, 450, 13, 1.25%, 100, 0, 7, 3068.93
1537545694, 0, 547, 582, 449, 12, 1.25%, 102, 0, 7, 571.80
1537545704, 0, 547, 583, 450, 12, 1.25%, 102, 0, 7, 663.99
1537545765, 0, 547, 584, 451, 12, 1.25%, 102, 0, 7, 366.82
1537545903, 0, 547, 584, 451, 12, 1.25%, 103, 0, 7, 351.11
1537545908, 0, 548, 584, 450, 12, 1.25%, 103, 0, 7, 569.44
1537545918, 0, 548, 584, 450, 12, 1.25%, 104, 0, 7, 489.87
1537546106, 0, 548, 585, 451, 12, 1.25%, 104, 0, 7, 360.01
1537546112, 0, 554, 588, 453, 12, 1.25%, 104, 0, 8, 2361.60
1537546127, 0, 554, 592, 457, 12, 1.25%, 104, 0, 8, 3542.73
1537546132, 0, 555, 593, 457, 12, 1.25%, 104, 0, 8, 3617.06
1537546142, 0, 555, 597, 461, 12, 1.25%, 104, 0, 8, 3741.81
1537546147, 0, 562, 598, 461, 13, 1.25%, 105, 0, 8, 3940.76
1537546152, 0, 563, 606, 468, 12, 1.25%, 105, 0, 8, 3865.01
1537546157, 0, 563, 613, 475, 12, 1.25%, 105, 0, 8, 4054.35
1537546162, 0, 570, 614, 475, 14, 1.25%, 105, 0, 8, 3920.72
1537546172, 0, 571, 618, 478, 14, 1.25%, 105, 0, 8, 3434.11
1537546182, 0, 571, 620, 480, 14, 1.25%, 105, 0, 8, 3479.74
1537546187, 0, 573, 622, 481, 18, 1.26%, 105, 0, 8, 3493.83
1537546193, 0, 573, 623, 482, 18, 1.26%, 105, 0, 8, 3373.17
1537546198, 0, 575, 623, 481, 19, 1.26%, 105, 0, 8, 3451.97
1537546208, 0, 579, 623, 480, 18, 1.26%, 105, 0, 8, 3549.94
1537546213, 0, 582, 623, 479, 17, 1.26%, 105, 0, 8, 813.26
1537546223, 0, 582, 623, 479, 17, 1.26%, 106, 0, 8, 953.21
1537546350, 0, 584, 623, 478, 16, 1.26%, 106, 0, 8, 733.37
