18
152 
304 189 
238 93 113 
401 252 160 163 
225 125 280 167 274 
167 76 138 92 248 199 
125 135 202 179 332 256 87 
257 157 300 189 276 35 230 289 
325 221 40 151 186 318 163 214 339 
276 164 292 182 255 53 233 299 27 331 
313 215 46 151 200 317 153 200 339 17 332 
34 120 272 205 368 203 135 104 236 294 253 283 
100 160 246 217 374 272 127 45 306 257 319 243 89 
269 122 192 90 166 109 166 247 117 232 103 235 239 278 
118 131 206 178 333 250 86 9 284 219 294 205 96 42 244 
121 160 228 208 361 278 116 30 312 237 322 222 106 23 275 31 
167 48 223 116 260 79 123 178 112 259 122 255 139 197 107 173 201 
