429 91 
390 104 
364 390 
351 143 
364 117 
377 104 
377 104 
377 156 
377 104 
351 169 
338 351 
91 377 
104 390 
104 351 
104 351 
377 390 
390 416 
91 351 
377 130 
390 104 
442 91 
364 143 
364 403 
91 351 
104 364 
104 429 
91 377 
104 403 
91 741 
442 104 
351 104 
403 494 
403 338 
104 377 
91 338 
104 377 
416 351 
377 117 
377 91 
377 117 
364 104 
364 104 
364 104 
390 377 
117 377 
117 351 
117 351 
377 91 
351 364 
351 117 
364 130 
351 104 
364 364 
377 364 
390 91 
364 351 
104 351 
884 91 
390 390 
351 390 
104 338 
104 364 
117 351 
390 364 
104 377 
117 403 
377 104 
364 351 
130 403 
104 377 
117 390 
104 442 
390 104 
364 416 
104 416 
91 351 
351 390 
117 364 
416 338 
364 104 
364 364 
156 377 
429 104 
377 104 
390 91 
351 390 
104 364 
117 364 
377 91 
377 117 
351 377 
117 377 
117 416 
104 377 
117 377 
130 403 
117 351 
104 416 
130 455 
117 403 
130 377 
117 377 
117 442 
117 403 
351 390 
130 416 
442 117 
403 377 
364 104 
390 403 
117 481 
104 377 
104 377 
104 377 
117 377 
429 104 
403 91 
351 364 
364 104 
377 143 
403 104 
429 104 
572 104 
364 91 
533 403 
936 104 
377 390 
104 364 
104 364 
117 364 
403 104 
377 338 
91 403 
416 117 
364 117 
403 117 
364 130 
377 104 
351 377 
91 377 
91 364 
377 130 
403 390 
104 390 
117 364 
104 364 
377 104 
390 104 
377 351 
403 104 
390 104 
377 377 
104 416 
104 390 
91 390 
104 390 
104 390 
104 338 
338 117 
377 104 
377 117 
377 117 
390 104 
390 104 
403 104 
364 104 
390 117 
390 117 
377 117 
351 117 
377 130 
377 117 
390 130 
403 130 
403 117 
390 104 
390 130 
403 104 
390 117 
377 104 
377 104 
351 390 
104 403 
104 377 
117 351 
117 390 
143 377 
104 351 
338 104 
377 104 
377 104 
871 104 
572 364 
117 390 
104 377 
377 403 
104 403 
117 351 
117 390 
351 442 
403 351 
377 117 
468 338 
416 1092 
104 429 
104 364 
117 364 
351 1053 
104 390 
91 429 
104 1157 
130 390 
104 390 
91 325 
130 416 
377 416 
1027 949 
416 351 
104 364 
143 403 
390 104 
351 104 
351 156 
377 377 
91 390 
104 364 
91 416 
429 104 
455 455 
117 390 
104 351 
104 416 
117 403 
403 403 
104 364 
390 650 
130 377 
117 377 
117 364 
117 416 
546 403 
104 390 
351 377 
104 351 
377 104 
390 117 
403 117 
624 702 
377 104 
403 130 
442 390 
377 104 
364 117 
728 117 
403 104 
377 390 
104 390 
351 351 
1014 104 
598 104 
377 442 
117 390 
130 416 
104 364 
104 377 
117 377 
351 91 
390 104 
624 104 
351 104 
1053 390 
364 91 
351 117 
416 117 
416 1092 
104 806 
390 117 
364 377 
364 390 
91 416 
104 403 
377 104 
351 104 
351 377 
390 104 
364 91 
351 377 
91 403 
104 390 
377 351 
494 104 
416 91 
403 104 
468 338 
130 377 
117 377 
117 390 
364 403 
364 364 
104 390 
117 403 
104 377 
104 390 
117 416 
104 455 
117 442 
104 364 
104 364 
104 403 
104 377 
117 364 
104 403 
104 364 
117 416 
117 377 
91 416 
130 390 
104 390 
377 104 
429 117 
364 104 
364 104 
403 442 
104 377 
91 390 
143 390 
416 117 
351 91 
416 117 
351 117 
351 403 
117 416 
130 1014 
91 390 
104 416 
91 403 
104 390 
143 377 
104 390 
104 338 
91 416 
104 390 
104 377 
117 819 
104 910 
117 442 
390 104 
364 364 
104 624 
104 377 
117 416 
117 442 
104 351 
104 416 
104 390 
104 416 
117 377 
104 364 
377 312 
364 91 
364 91 
377 104 
377 104 
377 104 
377 104 
377 104 
377 104 
377 104 
377 104 
377 104 
377 104 
364 91 
377 91 
364 91 
364 91 
364 91 
364 104 
377 104 
377 104 
377 104 
364 91 
364 91 
364 91 
364 91 
364 91 
364 91 
377 104 
377 104 
377 104 
364 91 
364 104 
364 91 
364 91 
377 104 
364 91 
364 104 
364 91 
364 91 
377 104 
377 104 
364 91 
364 91 
377 104 
377 104 
364 91 
364 91 
377 104 
377 104 
377 104 
364 91 
364 104 
377 104 
377 104 
364 91 
468 91 
533 91 
741 91 
858 91 
949 91 
364 91 
364 91 
364 91 
377 104 
377 104 
377 104 
364 91 
377 104 
377 104 
364 91 
377 104 
364 91 
364 91 
364 91 
338 91 
377 104 
377 104 
364 91 
364 104 
988 104 
377 104 
377 104 
351 91 
338 91 
377 91 
338 91 
364 104 
364 91 
364 91 
364 91 
338 104 
364 91 
364 91 
364 91 
364 91 
377 91 
377 104 
377 104 
364 91 
364 91 
377 104 
377 104 
364 91 
377 104 
364 91 
364 104 
364 91 
364 91 
377 104 
377 91 
364 91 
338 104 
364 91 
351 104 
377 104 
364 104 
377 104 
377 104 
377 104 
364 91 
364 91 
364 91 
364 104 
377 104 
364 104 
364 91 
377 104 
377 104 
494 91 
637 91 
741 91 
949 91 
1053 91 
364 91 
364 91 
364 104 
377 104 
377 104 
364 91 
364 91 
364 91 
364 104 
585 91 
377 104 
377 104 
377 104 
364 91 
377 104 
377 104 
377 104 
377 104 
364 91 
377 104 
377 104 
377 104 
377 104 
364 91 
377 104 
377 104 
377 104 
377 104 
364 91 
364 91 
364 91 
364 91 
364 91 
364 91 
364 91 
364 91 
377 104 
377 104 
377 104 
364 91 
364 91 
364 91 
364 91 
364 91 
364 91 
364 91 
377 104 
377 104 
377 104 
364 91 
364 91 
364 91 
364 91 
364 91 
364 91 
364 91 
364 91 
364 91 
364 91 
364 91 
377 104 
377 104 
377 104 
377 104 
364 91 
364 91 
377 91 
520 91 
533 91 
741 91 
845 91 
949 91 
377 104 
364 91 
364 91 
364 91 
364 91 
377 104 
364 91 
364 91 
364 91 
377 104 
364 91 
364 91 
364 91 
377 104 
364 91 
364 91 
364 91 
364 91 
364 91 
364 91 
364 91 
364 91 
364 91 
364 91 
377 104 
364 91 
364 91 
377 104 
377 104 
364 91 
377 104 
377 104 
377 91 
377 104 
377 104 
377 104 
364 91 
364 91 
364 91 
377 104 
364 91 
364 91 
377 104 
377 104 
377 104 
364 91 
364 91 
377 104 
377 104 
364 91 
364 104 
377 104 
377 104 
377 104 
364 91 
364 91 
377 104 
377 104 
364 91 
364 104 
364 91 
364 91 
377 104 
377 104 
364 91 
364 104 
364 91 
494 91 
624 104 
650 91 
741 91 
949 91 
1053 91 
377 104 
364 91 
364 91 
377 104 
377 104 
364 91 
364 91 
377 104 
364 91 
364 91 
377 104 
364 91 
364 104 
364 91 
364 91 
377 104 
364 91 
364 91 
377 104 
377 104 
377 104 
364 91 
364 104 
377 104 
364 91 
364 91 
364 91 
364 91 
364 91 
364 104 
377 104 
377 104 
377 104 
377 104 
377 104 
377 104 
364 91 
364 91 
364 91 
364 104 
377 104 
377 104 
377 104 
377 104 
377 104 
377 104 
377 104 
364 91 
377 104 
377 104 
377 104 
364 91 
364 104 
377 104 
377 104 
377 104 
364 91 
377 104 
377 104 
377 104 
416 143 
0 0 
0 0 
377 104 
377 117 
196 236 
0 0 
0 0 
0 0 
0 0 
0 0 
0 0 
0 0 
0 0 
32 192 
28 184 
28 184 
28 192 
28 212 
28 212 
32 216 
32 216 
32 216 
28 216 
28 212 
28 212 
32 216 
32 212 
32 216 
28 212 
28 212 
32 212 
32 216 
28 212 
28 212 
32 216 
32 216 
28 212 
28 216 
28 212 
32 212 
32 220 
28 216 
28 212 
32 212 
32 216 
28 212 
28 212 
32 216 
32 216 
28 212 
28 216 
28 212 
28 216 
32 216 
28 212 
28 212 
32 212 
32 528 
28 212 
32 216 
32 212 
32 216 
32 216 
32 216 
28 212 
32 216 
32 216 
32 212 
32 216 
28 212 
28 212 
32 216 
32 212 
32 216 
28 212 
32 268 
28 404 
28 532 
28 692 
28 820 
28 212 
28 212 
28 212 
32 212 
32 216 
32 216 
28 212 
32 216 
32 212 
32 284 
28 216 
28 212 
32 212 
32 216 
32 216 
28 212 
32 216 
28 212 
32 216 
32 216 
28 216 
28 212 
28 212 
32 212 
32 216 
28 212 
28 216 
28 212 
28 212 
32 212 
32 216 
28 216 
28 212 
28 212 
32 216 
32 212 
32 216 
28 212 
28 212 
32 216 
28 212 
28 212 
32 212 
28 212 
32 216 
32 216 
32 212 
32 216 
28 212 
28 216 
28 212 
32 212 
32 216 
28 212 
28 212 
32 212 
32 216 
28 212 
28 216 
28 216 
28 212 
32 216 
28 216 
28 212 
28 212 
32 216 
28 212 
28 188 
28 340 
28 468 
28 628 
28 756 
28 884 
28 212 
32 208 
32 216 
28 212 
28 212 
32 212 
32 216 
28 212 
28 212 
32 216 
32 212 
32 216 
32 216 
28 212 
28 212 
28 212 
32 216 
28 212 
32 216 
28 212 
28 212 
32 212 
32 216 
28 216 
28 212 
28 212 
32 216 
32 212 
32 216 
28 212 
28 212 
32 632 
32 216 
28 212 
32 216 
28 216 
28 216 
32 216 
28 216 
28 212 
32 212 
32 216 
32 216 
28 212 
28 212 
32 212 
32 216 
28 212 
28 212 
32 212 
28 212 
32 212 
32 216 
28 212 
28 216 
28 212 
32 212 
32 216 
28 212 
28 212 
32 212 
32 216 
28 588 
32 216 
28 216 
28 212 
32 216 
28 288 
28 404 
28 564 
28 692 
28 852 
28 212 
28 212 
32 216 
32 212 
32 216 
28 216 
28 212 
32 212 
32 216 
32 212 
28 212 
32 212 
32 216 
28 212 
28 212 
32 216 
32 212 
32 216 
28 216 
28 212 
28 212 
32 216 
32 364 
28 212 
32 216 
28 212 
32 216 
28 212 
32 216 
32 216 
32 216 
28 212 
32 216 
32 212 
40 452 
36 216 
32 212 
228 192 
32 228 
32 232 
28 216 
28 212 
28 212 
28 216 
32 216 
32 212 
32 212 
28 216 
28 216 
32 212 
32 212 
28 212 
32 216 
36 216 
36 1136 
32 224 
32 212 
32 212 
28 212 
32 212 
28 216 
32 212 
32 212 
28 216 
32 212 
32 212 
28 216 
28 212 
32 372 
32 500 
32 628 
32 788 
32 916 
32 212 
32 212 
28 216 
28 212 
28 216 
32 212 
32 212 
28 216 
28 212 
28 216 
32 216 
32 212 
32 212 
28 216 
28 216 
32 212 
32 212 
32 212 
32 212 
28 212 
28 216 
32 216 
32 212 
32 212 
28 216 
28 212 
28 216 
32 212 
32 212 
28 216 
32 212 
32 212 
28 216 
32 216 
32 216 
32 212 
32 212 
28 216 
28 212 
28 216 
32 212 
32 212 
28 216 
32 212 
32 744 
32 212 
28 216 
28 212 
28 216 
32 212 
32 212 
32 212 
28 216 
28 216 
32 212 
32 212 
28 212 
28 216 
32 212 
32 212 
28 216 
28 216 
32 216 
32 212 
32 208 
28 216 
32 212 
32 296 
28 440 
28 568 
32 724 
32 852 
32 216 
32 216 
32 212 
32 212 
28 920 
32 212 
28 216 
32 212 
32 216 
32 216 
32 212 
32 212 
28 212 
28 216 
32 216 
32 212 
32 212 
28 216 
28 212 
28 216 
32 212 
32 212 
28 216 
32 212 
32 212 
32 216 
32 216 
32 216 
32 212 
32 212 
28 216 
28 212 
28 216 
32 212 
32 212 
347 208 
0 0 
0 0 
23 202 
23 208 
26 205 
26 208 
23 205 
21 208 
23 202 
23 205 
23 205 
26 205 
23 208 
23 205 
26 205 
23 208 
23 205 
26 205 
23 208 
23 202 
23 208 
21 202 
23 208 
23 200 
26 208 
23 202 
23 205 
23 208 
23 202 
23 208 
23 208 
23 283 
26 433 
26 563 
26 719 
26 849 
26 208 
23 202 
23 208 
23 202 
21 208 
23 208 
23 202 
21 208 
26 203 
26 205 
23 205 
26 205 
23 205 
23 205 
26 205 
23 208 
23 205 
23 208 
23 202 
23 208 
23 208 
23 205 
23 203 
26 205 
23 202 
23 208 
23 202 
21 425 
23 208 
23 205 
26 205 
23 208 
23 200 
23 208 
23 205 
23 203 
26 205 
23 202 
23 208 
23 202 
21 202 
23 208 
23 200 
26 208 
23 208 
23 200 
26 208 
23 205 
23 202 
23 205 
26 205 
23 205 
23 205 
26 205 
23 208 
23 205 
26 205 
23 208 
23 205 
26 205 
23 208 
23 202 
23 202 
23 208 
21 205 
23 200 
26 208 
23 231 
26 355 
26 511 
26 641 
26 797 
26 205 
23 208 
23 202 
23 202 
23 208 
21 202 
27 205 
0 0 
0 0 
32 208 
32 880 
21 181 
21 181 
24 225 
217 38 
202 196 
35 205 
182 29 
0 0 
252 49 
203 26 
179 179 
23 185 
26 219 
23 179 
32 205 
26 199 
184 32 
0 0 
208 21 
223 30 
208 187 
170 179 
21 237 
196 38 
178 35 
211 24 
208 176 
26 199 
0 0 
307 323 
815 214 
35 214 
26 543 
26 843 
24 208 
0 0 
0 0 
27 181 
24 217 
21 202 
24 220 
24 185 
38 190 
38 181 
35 184 
35 190 
21 241 
24 223 
24 181 
21 170 
24 211 
21 190 
21 282 
21 181 
21 184 
21 211 
21 190 
35 178 
35 181 
24 606 
21 758 
24 867 
21 181 
32 170 
35 170 
24 225 
24 178 
24 247 
24 178 
35 208 
21 187 
21 181 
24 214 
30 194 
24 167 
24 190 
35 232 
187 24 
330 187 
187 21 
217 35 
214 24 
199 181 
190 185 
844 178 
30 184 
27 208 
173 21 
184 38 
176 24 
190 27 
235 32 
170 24 
176 24 
184 24 
187 21 
246 24 
170 35 
176 24 
208 24 
253 35 
178 24 
181 21 
181 32 
170 21 
170 21 
211 24 
181 21 
181 24 
184 35 
170 35 
167 35 
285 21 
211 24 
196 21 
214 32 
179 35 
226 21 
170 21 
181 24 
205 21 
181 24 
214 21 
294 35 
182 24 
167 24 
811 24 
184 21 
193 35 
386 32 
170 21 
208 24 
214 21 
205 24 
178 21 
205 24 
214 30 
199 24 
214 35 
235 199 
660 190 
24 182 
27 454 
21 178 
21 181 
21 181 
21 178 
35 170 
35 170 
21 178 
32 205 
21 208 
24 208 
24 170 
24 170 
32 259 
35 181 
21 255 
21 181 
24 181 
21 309 
35 170 
21 184 
21 208 
24 205 
21 205 
24 208 
35 170 
32 208 
21 211 
21 181 
21 178 
24 199 
24 187 
32 181 
32 214 
21 178 
21 208 
24 208 
24 170 
35 167 
32 211 
21 276 
21 205 
24 214 
21 202 
21 529 
32 208 
21 354 
27 170 
24 178 
27 223 
27 187 
24 208 
35 178 
24 178 
24 205 
24 205 
24 208 
35 170 
32 167 
21 214 
24 196 
24 181 
24 220 
21 740 
24 205 
32 211 
27 181 
24 211 
211 30 
205 21 
205 35 
205 21 
468 23 
0 0 
205 26 
205 26 
205 26 
341 26 
205 26 
202 26 
200 23 
205 26 
205 26 
208 26 
205 26 
205 26 
208 26 
202 26 
205 26 
202 26 
203 26 
205 26 
208 26 
205 26 
205 26 
205 26 
203 26 
205 26 
208 26 
205 26 
202 26 
205 26 
205 26 
205 26 
208 26 
208 26 
205 26 
202 26 
205 26 
205 26 
203 23 
205 26 
205 26 
203 23 
205 26 
205 26 
203 23 
205 26 
205 26 
203 23 
205 26 
205 26 
205 26 
208 26 
208 26 
205 26 
202 26 
205 26 
205 26 
203 23 
205 26 
263 26 
396 26 
552 26 
682 26 
812 26 
202 26 
205 26 
205 26 
203 23 
205 26 
205 26 
203 23 
205 26 
205 26 
203 23 
205 26 
205 26 
203 23 
205 26 
205 26 
203 23 
205 26 
205 26 
208 26 
205 26 
205 26 
205 26 
202 26 
205 26 
205 26 
203 23 
205 26 
205 26 
203 23 
205 26 
205 26 
208 26 
205 26 
205 26 
205 26 
202 26 
225 211 
205 26 
202 26 
202 26 
205 26 
205 26 
203 23 
205 26 
205 26 
203 23 
205 26 
205 26 
203 23 
205 26 
205 26 
203 23 
205 26 
205 26 
203 23 
205 26 
205 26 
208 26 
205 26 
205 26 
205 26 
202 26 
205 26 
205 26 
203 23 
205 26 
205 26 
220 27 
0 0 
0 0 
606 35 
487 24 
0 0 
0 0 
0 0 
0 0 
178 21 
178 24 
211 24 
199 21 
167 21 
170 21 
211 24 
205 24 
217 24 
205 21 
194 21 
211 24 
205 21 
205 24 
205 32 
465 23 
0 0 
205 26 
202 26 
208 26 
205 26 
205 23 
208 26 
332 121 
208 26 
205 26 
202 26 
205 26 
208 26 
205 26 
208 26 
205 26 
205 26 
203 23 
205 26 
205 26 
205 26 
208 26 
205 26 
202 26 
205 23 
200 26 
208 26 
205 23 
208 26 
205 26 
208 26 
205 26 
205 26 
203 23 
208 26 
205 26 
202 26 
208 26 
205 26 
263 26 
203 26 
208 26 
205 26 
203 23 
205 26 
208 26 
205 26 
208 26 
303 23 
428 23 
558 23 
714 23 
844 23 
203 23 
205 26 
208 26 
200 23 
205 26 
205 26 
203 23 
202 26 
202 26 
200 23 
202 26 
205 23 
203 23 
202 26 
205 23 
203 23 
205 26 
205 23 
200 26 
202 26 
205 23 
200 26 
202 26 
205 23 
200 26 
208 26 
205 26 
205 26 
205 26 
208 26 
208 26 
202 26 
208 26 
202 26 
202 26 
203 23 
202 26 
205 23 
203 23 
202 26 
205 23 
203 23 
202 26 
205 26 
205 26 
202 26 
205 23 
200 26 
202 26 
205 23 
278 26 
202 26 
205 26 
205 26 
208 26 
205 26 
205 26 
205 26 
202 26 
208 26 
208 26 
205 214 
29 220 
26 208 
26 208 
26 205 
23 205 
23 202 
23 225 
26 355 
26 511 
26 641 
26 797 
26 205 
23 208 
23 205 
23 200 
23 208 
23 202 
23 202 
23 208 
21 202 
23 205 
23 208 
23 202 
23 208 
23 208 
23 202 
23 208 
23 202 
21 202 
23 208 
23 200 
26 208 
23 202 
23 202 
23 208 
21 202 
23 208 
23 208 
21 205 
23 208 
23 205 
23 202 
23 205 
23 205 
26 205 
23 208 
23 205 
26 205 
23 208 
23 205 
26 205 
23 844 
23 200 
26 205 
23 205 
23 203 
26 205 
26 205 
23 208 
23 205 
26 205 
23 208 
23 205 
26 205 
23 208 
23 205 
23 200 
26 208 
23 208 
23 200 
26 208 
23 202 
23 205 
21 208 
23 208 
23 202 
21 208 
23 208 
23 202 
21 312 
26 459 
26 589 
26 719 
26 1164 
26 200 
26 205 
23 205 
26 208 
23 205 
23 202 
23 208 
21 208 
23 202 
23 208 
21 202 
23 205 
23 208 
23 202 
23 202 
23 208 
21 202 
23 208 
23 208 
21 205 
23 205 
21 208 
23 202 
23 205 
23 205 
26 205 
23 208 
23 205 
26 205 
23 208 
23 205 
26 205 
23 208 
23 205 
26 211 
23 202 
23 211 
26 205 
23 208 
23 202 
23 202 
23 208 
21 202 
23 208 
23 208 
21 205 
23 208 
23 202 
21 202 
23 208 
23 200 
26 208 
23 203 
23 202 
21 208 
23 208 
23 202 
21 208 
23 208 
23 202 
21 208 
23 202 
23 205 
23 205 
26 205 
23 208 
23 205 
26 251 
26 370 
26 537 
26 667 
26 797 
26 208 
26 205 
23 205 
23 203 
26 205 
23 202 
23 208 
23 202 
21 208 
23 208 
23 202 
21 208 
23 191 
23 208 
23 208 
21 202 
23 208 
23 200 
26 208 
23 202 
23 202 
23 208 
21 225 
23 205 
26 205 
23 208 
23 205 
23 200 
23 179 
23 208 
23 205 
23 202 
23 208 
23 202 
21 208 
23 208 
23 202 
21 208 
26 208 
23 202 
21 208 
23 202 
23 205 
23 205 
26 171 
26 208 
23 205 
26 205 
23 208 
23 205 
26 205 
23 208 
23 205 
23 200 
23 208 
23 202 
23 202 
23 208 
21 202 
23 205 
23 202 
23 208 
23 202 
21 208 
23 208 
23 202 
21 208 
23 199 
26 329 
26 459 
26 615 
26 745 
26 875 
26 205 
23 208 
23 205 
26 176 
21 205 
357 363 
0 0 
0 0 
21 205 
21 205 
21 205 
21 178 
35 167 
32 324 
21 229 
21 178 
21 321 
24 460 
21 202 
32 205 
35 178 
21 205 
24 205 
21 205 
26 208 
0 0 
23 208 
23 202 
26 205 
23 202 
21 208 
23 202 
23 205 
23 205 
26 205 
23 202 
23 208 
23 202 
21 202 
23 208 
23 208 
21 202 
23 208 
29 208 
29 208 
81 208 
23 203 
23 208 
26 205 
26 208 
23 208 
21 205 
23 200 
26 205 
23 202 
23 208 
23 202 
21 205 
23 208 
23 202 
21 208 
23 208 
23 205 
23 205 
26 208 
23 202 
21 208 
23 266 
23 402 
23 558 
26 693 
23 818 
23 203 
26 208 
23 202 
23 208 
23 202 
21 202 
23 208 
23 208 
21 202 
23 208 
23 200 
23 205 
23 203 
26 205 
23 205 
26 208 
23 205 
23 205 
26 208 
23 202 
21 208 
23 202 
23 205 
23 205 
26 205 
23 208 
26 205 
26 208 
23 202 
23 208 
23 202 
21 202 
23 208 
23 208 
21 202 
23 208 
23 200 
26 208 
23 205 
23 203 
26 208 
23 202 
23 208 
23 205 
23 208 
23 202 
21 208 
23 202 
23 205 
23 205 
26 205 
23 208 
23 205 
26 205 
23 208 
23 205 
26 205 
23 208 
23 202 
23 208 
23 202 
23 208 
23 202 
21 205 
23 208 
23 202 
21 208 
23 1178 
21 338 
26 485 
23 636 
23 766 
26 901 
23 208 
23 205 
23 208 
23 205 
23 208 
23 205 
21 208 
23 208 
23 205 
23 205 
26 208 
23 202 
21 208 
23 202 
23 205 
23 205 
26 205 
23 208 
23 174 
23 208 
23 202 
23 208 
23 202 
21 202 
23 208 
23 208 
21 202 
23 208 
23 200 
26 208 
23 205 
23 203 
26 208 
23 202 
23 205 
21 208 
23 208 
23 202 
21 208 
23 202 
23 205 
23 205 
26 205 
23 208 
23 205 
26 205 
23 208 
23 205 
26 205 
23 208 
23 171 
23 208 
21 202 
23 208 
23 200 
26 208 
23 205 
23 203 
26 208 
23 202 
23 208 
23 202 
21 202 
23 208 
23 208 
21 202 
23 171 
23 292 
23 428 
23 558 
23 714 
23 844 
23 203 
26 205 
23 205 
26 208 
23 202 
21 208 
23 202 
23 205 
23 205 
26 205 
23 202 
23 208 
23 208 
23 202 
23 208 
23 202 
21 202 
23 208 
23 590 
23 208 
23 202 
23 202 
23 208 
21 202 
23 205 
23 208 
23 171 
23 205 
23 205 
26 208 
23 202 
21 208 
23 202 
23 205 
23 205 
26 205 
23 208 
23 205 
26 205 
23 208 
23 205 
26 205 
23 202 
23 208 
23 202 
21 202 
23 208 
23 200 
26 208 
23 205 
23 203 
26 208 
23 202 
23 208 
23 202 
21 202 
23 208 
23 208 
21 205 
23 200 
26 205 
23 205 
26 208 
26 205 
23 205 
26 208 
23 205 
23 231 
26 381 
23 506 
23 636 
26 797 
23 203 
26 205 
23 174 
23 200 
26 205 
23 205 
26 208 
23 205 
23 205 
26 407 
23 203 
26 205 
23 202 
23 208 
23 202 
21 205 
23 208 
23 202 
21 200 
23 208 
23 205 
26 205 
23 208 
23 202 
23 205 
23 208 
23 202 
23 202 
23 208 
21 202 
23 205 
23 208 
23 202 
23 208 
23 173 
23 208 
23 200 
26 205 
23 202 
23 208 
23 202 
21 205 
23 208 
23 202 
21 208 
23 208 
23 205 
23 205 
26 208 
23 202 
21 176 
23 208 
23 205 
23 205 
23 208 
23 205 
23 203 
26 208 
23 202 
23 208 
23 202 
21 202 
23 208 
23 208 
21 202 
23 208 
23 205 
23 176 
23 298 
23 454 
26 589 
23 714 
23 376 
26 205 
23 208 
23 202 
23 205 
23 208 
23 202 
23 202 
23 208 
21 202 
23 177 
23 208 
23 202 
23 208 
23 202 
21 202 
23 208 
23 208 
21 202 
23 208 
23 200 
26 208 
23 205 
23 203 
26 208 
23 202 
23 205 
21 208 
26 203 
23 202 
21 208 
23 202 
23 205 
23 205 
26 205 
23 208 
23 205 
26 205 
23 208 
23 205 
26 205 
23 208 
23 208 
23 202 
21 202 
23 208 
23 200 
26 208 
23 205 
23 203 
26 208 
23 202 
23 208 
23 202 
21 202 
23 208 
23 208 
21 202 
23 171 
23 202 
21 205 
23 208 
23 202 
21 208 
23 208 
23 205 
23 205 
26 208 
23 240 
26 381 
23 532 
23 662 
23 818 
23 200 
23 205 
23 208 
23 208 
23 202 
23 208 
23 202 
21 202 
23 208 
23 208 
21 202 
23 208 
23 200 
26 208 
23 205 
23 203 
26 208 
23 350 
23 203 
26 205 
23 202 
23 208 
23 202 
21 673 
23 208 
23 202 
21 205 
23 208 
23 202 
21 208 
26 203 
23 179 
21 208 
23 205 
26 205 
23 205 
23 208 
23 202 
23 202 
23 208 
21 202 
23 205 
23 208 
23 202 
23 187 
23 208 
23 208 
23 200 
26 205 
23 203 
23 202 
21 208 
23 202 
23 205 
23 205 
26 205 
23 208 
23 248 
23 205 
26 208 
23 202 
21 208 
23 202 
23 639 
23 202 
21 208 
26 214 
24 214 
0 0 
0 0 
21 603 
35 202 
0 0 
0 0 
24 205 
21 205 
24 344 
24 208 
26 205 
0 0 
26 208 
26 202 
23 202 
23 208 
21 202 
23 205 
23 208 
23 202 
23 364 
23 208 
23 202 
23 208 
23 202 
21 202 
23 208 
23 200 
26 318 
23 202 
23 205 
26 205 
23 202 
23 202 
23 202 
21 205 
26 205 
26 208 
23 208 
21 202 
23 205 
23 208 
23 202 
23 202 
26 208 
23 200 
26 205 
23 205 
26 208 
23 202 
21 208 
23 202 
23 205 
23 205 
26 205 
23 208 
23 205 
26 205 
23 208 
23 205 
26 364 
26 205 
23 203 
26 205 
23 205 
23 203 
26 205 
23 202 
23 208 
23 202 
21 208 
23 208 
23 266 
26 234 
26 552 
26 693 
26 823 
26 208 
23 202 
23 202 
23 208 
21 202 
23 205 
23 208 
23 202 
23 208 
23 257 
21 205 
23 208 
23 202 
21 202 
23 208 
23 200 
26 202 
23 208 
23 202 
21 208 
23 208 
23 202 
21 699 
23 208 
23 202 
21 208 
23 202 
23 205 
23 205 
26 179 
23 200 
26 205 
23 200 
23 208 
23 205 
26 231 
26 208 
21 208 
23 202 
23 208 
21 202 
23 205 
23 208 
23 202 
23 202 
23 208 
21 202 
23 208 
23 300 
23 205 
23 208 
23 208 
21 202 
23 208 
23 200 
26 639 
23 208 
23 205 
26 205 
23 208 
23 205 
26 239 
26 202 
23 208 
23 205 
23 202 
23 205 
23 205 
26 355 
26 485 
26 615 
26 771 
26 901 
26 208 
23 1251 
23 208 
23 202 
21 208 
23 202 
23 205 
23 200 
23 514 
26 202 
23 205 
23 208 
23 202 
23 208 
23 208 
23 202 
23 208 
23 202 
21 202 
23 208 
23 200 
26 176 
21 202 
23 211 
21 208 
23 208 
23 202 
21 260 
23 208 
23 202 
21 208 
23 202 
23 205 
23 205 
26 205 
23 208 
23 205 
26 205 
23 208 
23 205 
23 367 
23 208 
23 202 
21 208 
23 202 
23 205 
23 205 
26 205 
23 208 
23 205 
26 205 
23 208 
23 205 
26 473 
23 205 
23 200 
205 23 
208 26 
205 23 
208 26 
205 26 
208 26 
205 26 
205 26 
205 23 
205 26 
381 26 
428 23 
558 23 
714 23 
844 23 
203 23 
205 23 
479 26 
205 26 
205 26 
205 21 
205 26 
205 23 
257 21 
208 26 
205 26 
205 26 
202 26 
208 26 
205 23 
205 26 
205 26 
205 23 
208 26 
205 26 
205 23 
500 61 
202 26 
203 23 
205 23 
202 26 
205 23 
205 26 
208 26 
205 26 
202 26 
208 26 
205 26 
205 23 
431 26 
205 26 
205 26 
208 26 
205 21 
205 26 
431 23 
205 23 
202 26 
205 26 
467 21 
0 0 
0 0 
205 24 
205 21 
178 21 
208 21 
252 21 
167 35 
205 24 
178 24 
205 32 
205 32 
208 24 
205 24 
468 26 
0 0 
208 26 
205 26 
202 23 
208 26 
205 26 
205 26 
240 26 
373 26 
503 26 
662 26 
789 26 
200 23 
326 26 
205 26 
202 26 
203 23 
205 26 
203 26 
202 26 
205 23 
208 26 
205 26 
200 26 
208 26 
205 26 
202 26 
208 26 
203 26 
202 26 
205 23 
208 26 
193 121 
205 26 
202 26 
202 26 
205 26 
205 26 
208 26 
205 26 
205 26 
202 26 
208 26 
205 26 
205 26 
419 26 
202 26 
205 26 
205 26 
200 26 
208 26 
205 26 
205 26 
208 26 
203 26 
800 26 
202 26 
208 26 
205 26 
200 26 
208 26 
205 26 
205 26 
202 26 
208 26 
855 26 
200 26 
208 26 
205 26 
205 26 
202 26 
203 26 
205 26 
205 26 
202 26 
208 26 
205 26 
208 26 
300 26 
182 26 
309 26 
454 26 
581 26 
737 26 
330 124 
205 26 
202 26 
202 26 
203 23 
202 26 
203 26 
205 26 
205 26 
208 26 
205 26 
200 26 
208 26 
205 23 
202 26 
202 26 
208 26 
205 26 
205 26 
202 26 
208 26 
205 26 
208 26 
205 26 
205 26 
667 384 
202 26 
592 122 
202 23 
200 23 
208 26 
205 26 
208 26 
205 26 
220 26 
205 26 
205 26 
200 26 
208 26 
205 26 
344 23 
205 26 
205 26 
200 26 
208 26 
205 26 
205 26 
200 26 
208 26 
205 26 
205 26 
205 26 
203 23 
225 26 
205 26 
208 26 
205 26 
205 26 
202 26 
208 26 
200 26 
208 26 
205 26 
205 26 
202 26 
208 26 
494 26 
205 26 
234 26 
399 26 
529 26 
662 26 
1260 23 
205 26 
202 26 
202 26 
205 26 
205 26 
202 26 
1306 26 
200 26 
202 26 
205 23 
208 26 
202 26 
208 26 
205 26 
205 26 
205 26 
208 26 
203 26 
202 26 
635 26 
205 26 
208 26 
205 26 
205 26 
202 26 
205 26 
202 26 
208 26 
205 26 
200 26 
208 26 
205 26 
327 156 
202 26 
202 26 
203 23 
202 26 
208 26 
205 26 
205 26 
208 26 
205 26 
200 26 
208 26 
205 26 
188 127 
208 26 
205 26 
200 26 
208 26 
205 26 
205 26 
208 26 
203 26 
202 26 
205 26 
208 26 
465 731 
445 26 
200 26 
202 26 
205 26 
208 26 
205 26 
719 335 
205 26 
208 26 
199 26 
321 26 
477 26 
607 26 
737 26 
893 26 
200 23 
208 26 
205 26 
208 26 
248 312 
208 26 
202 26 
202 26 
205 26 
205 26 
205 26 
202 26 
202 26 
208 26 
205 26 
205 26 
202 26 
644 34 
205 26 
202 26 
208 26 
205 26 
205 26 
205 26 
205 23 
208 26 
205 26 
200 26 
208 26 
205 26 
205 26 
208 26 
203 26 
202 26 
205 23 
208 26 
315 64 
205 26 
208 26 
205 26 
205 26 
202 26 
208 26 
208 26 
205 26 
208 26 
205 26 
205 26 
202 26 
303 356 
202 26 
208 26 
205 26 
200 26 
208 26 
205 26 
205 26 
205 26 
203 26 
202 26 
205 23 
208 26 
173 26 
202 26 
208 26 
205 26 
200 26 
266 26 
1583 794 
558 26 
685 26 
815 26 
203 23 
208 26 
272 26 
792 145 
205 26 
200 26 
202 26 
205 23 
208 26 
205 26 
208 26 
205 26 
205 26 
205 26 
208 26 
203 26 
384 26 
202 26 
208 26 
205 26 
200 26 
208 26 
205 26 
202 26 
208 26 
203 26 
202 26 
205 23 
208 26 
173 26 
202 26 
208 26 
202 26 
200 26 
208 26 
866 349 
208 26 
205 26 
205 26 
205 26 
208 26 
203 26 
202 26 
205 23 
205 26 
205 26 
200 26 
208 26 
173 23 
202 26 
208 26 
203 26 
179 60 
208 26 
205 26 
263 23 
205 26 
202 26 
202 26 
208 26 
205 26 
208 26 
208 26 
205 26 
205 26 
205 26 
208 26 
194 26 
174 26 
497 26 
633 26 
766 26 
200 23 
202 26 
3039 26 
202 26 
205 26 
208 26 
205 26 
200 26 
208 26 
205 26 
205 26 
202 26 
203 26 
205 26 
205 26 
347 23 
205 26 
208 26 
203 26 
202 26 
205 23 
208 26 
205 26 
208 26 
202 26 
202 26 
203 23 
202 26 
629 26 
208 26 
205 26 
208 26 
205 26 
205 26 
202 26 
208 26 
205 26 
202 26 
202 26 
208 26 
205 26 
228 26 
208 26 
205 26 
208 26 
205 26 
205 26 
202 26 
208 26 
205 26 
205 26 
202 26 
208 26 
205 26 
806 26 
202 26 
208 26 
205 26 
208 26 
205 26 
205 26 
202 26 
208 26 
205 26 
202 26 
205 23 
208 26 
182 182 
295 26 
425 26 
558 26 
711 26 
841 26 
205 26 
205 26 
205 26 
205 26 
205 26 
200 26 
208 26 
173 23 
202 26 
208 26 
203 26 
202 26 
205 26 
208 26 
205 26 
200 26 
208 26 
205 26 
205 26 
202 26 
1101 26 
202 26 
205 26 
202 26 
208 26 
205 26 
205 26 
205 26 
208 26 
205 26 
202 26 
205 26 
208 26 
638 266 
202 26 
208 26 
208 26 
203 23 
208 26 
203 26 
202 26 
205 23 
208 26 
205 26 
200 26 
208 26 
647 26 
202 26 
205 23 
208 26 
205 26 
200 26 
514 26 
205 26 
202 26 
208 26 
205 26 
200 26 
208 26 
205 26 
205 26 
208 26 
203 26 
205 26 
205 26 
208 26 
205 26 
220 26 
373 26 
503 26 
662 26 
789 26 
526 127 
205 23 
208 26 
205 26 
208 26 
205 26 
205 26 
205 26 
208 26 
200 26 
202 26 
205 23 
208 26 
425 329 
208 26 
205 26 
205 26 
205 26 
205 26 
205 26 
202 26 
208 26 
205 26 
202 26 
205 26 
208 26 
205 26 
208 26 
205 26 
205 26 
205 26 
208 26 
535 855 
205 26 
208 26 
205 26 
202 26 
205 23 
205 26 
205 26 
208 26 
205 26 
306 113 
205 26 
200 26 
208 26 
205 26 
205 26 
202 26 
208 26 
208 26 
205 26 
208 26 
205 26 
205 26 
202 26 
208 26 
205 26 
205 26 
205 26 
208 26 
205 26 
202 26 
205 23 
208 26 
248 26 
205 26 
216 26 
298 26 
470 21 
0 0 
565 35 
28556 24 
0 0 
0 0 
205 27 
220 187 
24 211 
21 205 
21 205 
26 205 
0 0 
26 202 
26 205 
23 1690 
23 205 
26 205 
23 208 
23 205 
26 205 
23 208 
23 205 
26 205 
23 208 
23 205 
23 200 
23 208 
23 202 
23 202 
23 208 
21 202 
23 205 
23 208 
23 202 
23 251 
26 205 
23 208 
23 205 
23 200 
23 205 
26 890 
23 202 
23 202 
23 208 
23 202 
21 208 
23 208 
23 309 
23 205 
26 208 
23 202 
21 208 
23 202 
23 301 
26 205 
23 203 
23 208 
23 205 
26 205 
23 208 
23 205 
26 205 
23 208 
23 205 
23 200 
23 208 
23 300 
21 208 
26 205 
23 205 
23 205 
26 240 
26 381 
26 537 
26 667 
26 797 
26 208 
26 205 
23 205 
23 255 
26 205 
23 202 
23 208 
23 200 
26 208 
23 202 
23 208 
23 202 
23 208 
23 202 
21 208 
23 202 
23 751 
21 208 
23 202 
23 205 
21 208 
23 205 
23 208 
23 205 
26 205 
23 208 
23 205 
23 205 
23 205 
23 500 
23 205 
23 208 
23 202 
23 202 
23 200 
23 208 
23 205 
26 205 
23 208 
23 205 
23 200 
23 208 
23 534 
23 200 
23 208 
23 202 
23 202 
23 208 
26 202 
23 208 
23 208 
21 205 
23 208 
23 202 
21 202 
23 208 
23 200 
26 208 
23 286 
23 208 
23 202 
26 208 
26 205 
21 208 
23 208 
23 202 
21 208 
23 199 
26 918 
21 468 
26 615 
26 745 
26 875 
26 205 
23 208 
23 205 
23 208 
21 205 
23 208 
23 202 
21 202 
23 404 
23 205 
23 208 
23 202 
23 202 
23 208 
21 202 
23 208 
23 208 
23 205 
23 200 
26 205 
23 205 
23 246 
26 205 
23 208 
23 202 
23 202 
23 208 
21 612 
23 202 
23 205 
26 208 
26 205 
21 208 
23 202 
23 234 
26 200 
23 208 
26 202 
23 202 
21 231 
23 208 
26 202 
26 205 
23 202 
23 202 
23 202 
23 205 
23 587 
26 208 
23 205 
23 208 
23 205 
23 208 
21 202 
23 208 
23 208 
21 205 
23 208 
23 202 
23 205 
23 211 
26 205 
23 202 
23 208 
23 202 
21 208 
23 202 
21 260 
26 407 
26 537 
26 693 
26 823 
26 205 
23 205 
23 205 
26 205 
23 208 
23 205 
26 205 
23 399 
23 205 
23 205 
26 202 
21 208 
23 202 
23 208 
21 202 
23 205 
26 205 
23 205 
21 208 
23 205 
23 208 
23 205 
26 205 
23 208 
23 205 
23 200 
23 205 
23 297 
23 205 
23 202 
23 205 
23 205 
26 205 
23 514 
23 202 
23 205 
26 208 
26 205 
23 205 
26 205 
23 202 
21 208 
23 205 
26 202 
23 205 
23 208 
23 251 
23 208 
23 208 
21 205 
23 208 
23 202 
21 202 
23 208 
23 200 
26 208 
23 202 
23 205 
23 205 
23 222 
23 208 
23 208 
21 205 
23 208 
23 202 
21 202 
23 208 
23 217 
26 355 
26 485 
26 615 
23 771 
26 901 
26 208 
26 211 
23 208 
21 208 
23 202 
23 208 
21 202 
23 205 
23 208 
23 202 
23 202 
23 208 
26 930 
23 205 
26 205 
23 208 
23 205 
23 205 
23 205 
23 203 
26 205 
23 202 
23 208 
23 202 
21 208 
23 485 
23 208 
23 208 
23 202 
23 208 
23 202 
21 202 
23 208 
23 205 
23 205 
23 205 
23 205 
26 205 
23 275 
26 205 
21 208 
23 208 
23 202 
21 208 
23 202 
23 205 
23 205 
26 205 
23 208 
26 200 
23 208 
23 176 
23 208 
23 208 
26 202 
23 208 
23 208 
21 1031 
21 202 
23 205 
23 208 
23 202 
23 202 
23 208 
21 355 
21 176 
295 23 
433 23 
566 23 
699 23 
855 23 
203 23 
205 23 
202 26 
205 23 
205 26 
205 26 
425 23 
208 26 
464 24 
0 0 
0 0 
208 35 
190 32 
170 35 
232 32 
178 24 
205 21 
181 21 
300 24 
704 21 
187 24 
181 288 
217 35 
205 238 
190 30 
232 217 
211 35 
182 23 
0 0 
196 185 
26 174 
176 32 
188 176 
0 0 
0 0 
35 184 
238 217 
27 208 
24 496 
178 83 
208 21 
205 21 
178 35 
238 24 
193 21 
520 21 
167 32 
208 24 
181 30 
181 35 
187 30 
187 24 
205 21 
170 24 
205 21 
181 24 
205 21 
178 21 
170 21 
208 24 
208 24 
190 176 
24 214 
283 24 
776 32 
181 35 
170 24 
167 21 
900 24 
505 35 
659 21 
214 24 
205 21 
205 24 
465 26 
0 0 
205 26 
442 31 
203 26 
205 26 
205 26 
205 26 
208 26 
205 23 
179 26 
205 26 
208 26 
205 23 
205 23 
205 26 
358 349 
200 23 
205 23 
202 26 
205 23 
205 26 
205 26 
205 23 
205 26 
205 26 
202 26 
208 26 
205 23 
344 127 
205 26 
208 26 
205 26 
205 26 
205 26 
208 26 
205 26 
205 23 
208 26 
205 26 
205 23 
205 26 
349 52 
205 26 
208 26 
205 21 
205 26 
205 26 
205 21 
208 26 
205 26 
205 23 
743 26 
202 26 
205 23 
203 23 
208 26 
205 26 
208 26 
205 26 
205 23 
205 26 
448 104 
205 26 
202 26 
208 26 
312 23 
454 23 
809 162 
722 23 
870 23 
203 23 
208 26 
205 26 
208 26 
205 23 
208 26 
205 26 
208 26 
205 23 
205 26 
179 500 
205 26 
205 23 
205 26 
205 26 
205 23 
205 26 
205 26 
205 23 
205 26 
205 23 
205 23 
205 26 
185 315 
205 23 
205 26 
208 26 
205 26 
205 26 
208 26 
205 26 
205 23 
208 26 
205 21 
205 26 
208 26 
205 26 
205 23 
205 26 
208 26 
205 26 
205 23 
205 26 
352 26 
205 26 
205 23 
205 26 
205 23 
208 26 
555 503 
205 23 
208 26 
202 26 
208 26 
205 26 
208 26 
205 26 
205 23 
205 26 
208 26 
205 26 
205 26 
465 173 
208 26 
205 26 
208 26 
205 26 
251 23 
402 23 
532 23 
662 23 
818 23 
203 23 
205 26 
205 26 
722 794 
203 23 
205 23 
202 26 
205 23 
205 26 
205 26 
205 26 
205 23 
205 26 
205 23 
205 23 
205 26 
173 26 
208 26 
205 23 
205 26 
205 26 
205 23 
448 26 
203 26 
205 26 
205 26 
202 26 
208 26 
205 23 
269 26 
203 26 
205 26 
205 26 
205 23 
205 26 
179 23 
205 26 
205 26 
208 26 
205 21 
205 26 
208 26 
494 23 
200 23 
205 26 
205 26 
205 23 
205 26 
537 125 
205 26 
208 26 
208 26 
205 23 
205 23 
205 26 
205 26 
205 26 
208 26 
205 21 
205 26 
205 26 
179 26 
203 26 
205 26 
205 26 
202 21 
205 23 
188 23 
324 23 
480 23 
615 23 
740 23 
896 23 
208 26 
399 23 
205 26 
205 23 
208 26 
205 23 
361 29 
205 26 
205 26 
205 26 
205 26 
208 26 
205 26 
205 26 
205 26 
205 26 
205 23 
205 26 
205 21 
205 26 
208 26 
205 26 
205 23 
205 26 
208 26 
205 26 
205 26 
205 26 
205 26 
205 23 
205 26 
205 23 
205 23 
205 26 
205 26 
202 26 
208 26 
205 26 
205 23 
549 23 
208 26 
205 26 
205 23 
205 26 
205 21 
205 26 
208 26 
208 32 
205 26 
202 26 
208 26 
205 26 
205 23 
205 26 
205 26 
205 23 
205 26 
208 26 
205 26 
205 26 
202 26 
208 26 
208 26 
205 26 
208 26 
205 26 
205 21 
277 23 
402 23 
558 23 
688 23 
910 575 
205 23 
205 26 
205 23 
208 26 
205 26 
208 26 
205 26 
205 21 
205 26 
205 23 
205 26 
208 26 
205 26 
205 26 
202 26 
208 26 
205 23 
205 26 
205 26 
208 26 
205 26 
208 26 
205 23 
205 26 
205 26 
205 23 
205 26 
208 26 
205 26 
202 26 
208 26 
843 49 
205 23 
202 26 
205 23 
205 26 
205 26 
202 26 
208 26 
205 23 
202 26 
208 26 
208 26 
205 26 
208 26 
205 26 
205 21 
205 26 
205 23 
205 26 
208 26 
205 26 
202 26 
202 26 
208 26 
205 23 
205 26 
205 26 
205 23 
205 26 
205 26 
208 26 
205 26 
208 26 
205 23 
202 26 
202 26 
220 23 
350 23 
480 23 
636 23 
766 23 
208 26 
205 26 
205 23 
205 26 
205 21 
205 26 
208 26 
205 26 
205 26 
205 26 
208 26 
205 26 
205 23 
208 26 
205 26 
205 23 
205 26 
208 26 
205 26 
205 26 
202 26 
205 26 
205 26 
304 26 
205 26 
205 26 
208 26 
205 26 
208 26 
205 26 
208 26 
205 23 
205 26 
208 26 
205 26 
205 26 
208 26 
205 26 
208 26 
205 26 
208 26 
205 23 
205 26 
208 26 
205 26 
205 26 
202 26 
205 26 
205 23 
205 26 
208 26 
205 23 
208 26 
205 26 
205 23 
205 26 
208 26 
205 26 
205 26 
202 26 
208 26 
208 26 
205 26 
202 26 
205 26 
205 26 
208 26 
205 23 
200 26 
470 32 
0 0 
0 0 
844 27 
214 190 
0 0 
35 211 
24 205 
32 205 
24 208 
21 205 
26 205 
0 0 
23 202 
26 205 
23 205 
26 205 
21 205 
26 208 
26 208 
23 205 
26 208 
26 205 
23 205 
26 205 
23 202 
21 205 
26 202 
23 203 
23 202 
23 205 
23 203 
26 205 
23 205 
26 208 
26 205 
26 205 
23 205 
26 205 
23 202 
23 205 
26 205 
23 202 
23 200 
23 205 
26 208 
26 205 
23 208 
26 211 
26 387 
26 205 
23 171 
23 202 
21 202 
23 208 
26 205 
21 205 
26 208 
26 200 
23 208 
26 208 
26 200 
23 202 
23 202 
23 208 
26 205 
23 205 
26 176 
26 211 
26 205 
23 205 
26 208 
26 225 
23 376 
23 506 
23 636 
23 792 
23 203 
26 205 
23 205 
26 208 
26 205 
23 205 
23 176 
26 208 
26 205 
23 205 
26 208 
26 202 
23 208 
26 205 
23 202 
23 200 
23 205 
26 208 
26 205 
23 205 
26 208 
26 205 
23 173 
23 202 
23 202 
23 205 
26 205 
23 202 
23 200 
23 205 
29 214 
26 208 
89 228 
23 205 
23 208 
23 202 
23 811 
23 202 
23 203 
23 202 
21 208 
23 202 
23 205 
23 205 
26 205 
23 208 
23 205 
26 205 
23 208 
23 202 
23 205 
23 208 
23 202 
23 202 
23 202 
21 202 
23 205 
23 208 
23 202 
23 208 
23 202 
21 202 
23 208 
23 208 
21 202 
23 208 
23 200 
26 208 
23 205 
23 454 
26 578 
23 714 
23 870 
26 205 
23 208 
23 202 
23 205 
23 208 
23 202 
23 202 
23 208 
21 202 
23 205 
23 208 
23 202 
23 208 
23 173 
23 208 
23 200 
26 205 
23 202 
23 208 
23 202 
21 205 
23 208 
23 202 
21 208 
26 203 
23 205 
23 205 
26 208 
23 202 
21 205 
23 208 
21 205 
23 202 
23 208 
21 202 
23 205 
23 208 
23 202 
23 208 
23 202 
21 202 
23 208 
23 208 
21 202 
23 208 
23 176 
23 205 
23 208 
23 205 
26 205 
23 208 
23 205 
26 205 
23 208 
23 202 
23 205 
23 208 
23 202 
23 202 
23 318 
23 208 
23 205 
26 205 
23 208 
23 205 
26 205 
23 208 
23 257 
26 381 
23 532 
23 662 
23 818 
23 200 
23 208 
23 205 
26 205 
23 208 
23 268 
21 208 
23 208 
23 202 
21 208 
23 202 
26 303 
26 202 
24 205 
0 0 
35 208 
21 208 
24 211 
24 205 
24 170 
35 208 
32 202 
35 202 
24 205 
21 205 
21 208 
24 194 
32 205 
32 208 
21 208 
24 205 
21 208 
21 208 
35 170 
32 687 
32 205 
24 208 
21 205 
352 200 
0 0 
0 0 
26 208 
26 205 
23 202 
23 208 
21 202 
23 205 
23 208 
23 202 
23 208 
23 748 
26 202 
23 208 
23 205 
23 202 
23 205 
23 205 
26 205 
23 208 
23 205 
26 205 
23 208 
23 205 
26 205 
23 208 
23 205 
23 200 
23 188 
26 329 
26 448 
26 615 
26 745 
26 875 
26 205 
23 208 
23 205 
26 205 
23 208 
23 205 
23 200 
23 208 
23 569 
26 205 
23 208 
23 202 
23 205 
21 208 
23 208 
23 202 
21 208 
23 208 
23 202 
21 208 
23 202 
23 205 
23 205 
26 205 
23 208 
23 205 
26 205 
23 208 
23 205 
23 208 
23 202 
23 208 
23 202 
21 202 
23 208 
23 200 
26 208 
23 202 
23 202 
23 208 
21 737 
26 205 
23 205 
26 208 
23 205 
23 202 
23 208 
26 203 
26 202 
23 205 
23 205 
23 203 
23 205 
23 202 
23 202 
21 208 
23 208 
23 202 
21 208 
23 208 
23 177 
23 205 
23 202 
23 208 
23 202 
21 208 
23 208 
23 266 
26 407 
26 537 
26 693 
26 823 
26 283 
23 205 
21 208 
23 202 
23 205 
23 205 
23 208 
21 202 
23 208 
23 208 
21 205 
23 208 
23 202 
21 202 
23 208 
23 200 
26 208 
23 202 
23 202 
23 208 
21 173 
26 208 
23 208 
23 202 
23 208 
23 202 
21 202 
23 208 
23 200 
26 208 
23 202 
23 202 
23 208 
21 202 
23 208 
23 208 
21 176 
23 205 
23 205 
26 205 
23 202 
21 208 
23 202 
23 205 
23 205 
26 205 
23 208 
23 205 
26 205 
23 208 
23 205 
23 200 
23 202 
23 208 
23 205 
23 202 
23 208 
23 202 
21 208 
23 208 
23 202 
21 208 
23 208 
23 266 
26 205 
23 208 
23 202 
23 199 
26 344 
26 485 
26 615 
26 771 
26 901 
26 208 
23 208 
23 202 
23 208 
23 202 
21 202 
23 208 
23 200 
26 208 
23 202 
23 202 
23 202 
23 208 
23 200 
26 208 
23 208 
23 200 
26 205 
23 205 
23 203 
26 205 
23 202 
23 546 
23 202 
21 208 
23 208 
23 202 
21 205 
23 208 
21 208 
23 202 
23 208 
21 202 
23 205 
23 208 
23 202 
23 202 
23 208 
21 202 
23 208 
23 208 
21 205 
23 208 
23 205 
23 202 
23 205 
23 205 
26 205 
23 208 
23 205 
26 205 
23 208 
23 205 
26 205 
23 208 
23 205 
23 200 
23 208 
23 202 
23 205 
21 202 
23 208 
23 200 
26 208 
23 202 
23 208 
23 208 
23 283 
26 433 
26 563 
23 714 
26 849 
26 205 
23 208 
23 202 
23 179 
205 26 
208 26 
205 23 
205 23 
203 23 
208 26 
202 26 
202 26 
208 26 
205 23 
205 26 
205 26 
205 23 
205 26 
205 26 
208 26 
205 26 
208 26 
205 23 
205 26 
208 26 
205 26 
205 26 
208 26 
205 26 
205 23 
205 26 
205 26 
205 23 
205 26 
205 21 
205 26 
205 26 
205 26 
205 23 
205 26 
208 26 
205 26 
205 26 
205 26 
208 26 
532 130 
208 26 
205 26 
205 23 
205 26 
203 26 
205 26 
205 26 
208 26 
205 26 
205 23 
205 26 
205 26 
205 23 
208 26 
205 26 
205 23 
205 26 
208 26 
205 26 
205 26 
243 23 
376 23 
506 23 
662 23 
792 23 
208 26 
205 26 
208 26 
205 23 
205 26 
208 26 
179 26 
205 26 
203 26 
205 26 
205 26 
208 26 
205 26 
205 23 
205 26 
205 26 
205 23 
205 26 
208 26 
205 26 
205 23 
205 26 
208 26 
205 23 
208 26 
205 26 
205 23 
205 26 
208 26 
205 26 
205 26 
202 26 
205 26 
205 23 
205 26 
205 26 
205 23 
205 26 
329 26 
205 23 
205 26 
205 23 
205 23 
205 26 
205 26 
202 26 
208 26 
205 21 
205 26 
205 26 
205 21 
208 26 
205 26 
205 26 
202 26 
208 26 
205 23 
205 26 
205 23 
208 26 
202 26 
208 26 
205 26 
205 21 
205 26 
205 23 
205 26 
213 26 
309 23 
454 23 
584 23 
740 23 
870 23 
203 23 
208 26 
205 26 
208 26 
208 26 
205 26 
205 26 
202 26 
208 26 
205 23 
205 26 
205 23 
208 26 
205 26 
208 26 
205 26 
208 26 
205 23 
205 26 
202 26 
202 26 
208 26 
205 23 
205 26 
205 23 
208 26 
205 26 
208 26 
595 121 
205 26 
208 26 
205 23 
205 26 
208 26 
208 26 
205 26 
202 23 
205 26 
205 26 
208 26 
205 26 
205 23 
208 26 
205 26 
205 23 
205 26 
208 26 
205 26 
205 26 
202 26 
208 26 
208 26 
205 26 
208 26 
205 26 
205 21 
205 26 
205 23 
205 26 
208 26 
370 23 
208 26 
205 26 
205 23 
205 26 
205 26 
208 26 
240 23 
402 23 
532 23 
662 23 
818 23 
203 23 
208 26 
205 26 
202 26 
208 26 
205 23 
205 26 
205 26 
205 23 
208 26 
205 26 
205 26 
205 26 
202 26 
208 26 
205 23 
205 26 
205 23 
208 26 
416 142 
205 26 
205 26 
205 26 
205 26 
205 23 
205 26 
205 21 
205 23 
205 26 
205 23 
205 26 
202 26 
208 26 
205 26 
205 23 
205 26 
205 26 
205 23 
205 26 
205 21 
205 26 
208 26 
205 26 
205 21 
205 23 
205 26 
205 26 
205 23 
208 26 
205 26 
205 23 
179 26 
205 26 
205 23 
205 26 
208 26 
205 26 
202 26 
208 26 
205 26 
208 26 
205 26 
205 23 
205 26 
464 24 
0 0 
0 0 
187 32 
315 24 
461 32 
627 21 
181 21 
181 24 
205 32 
208 24 
205 24 
205 24 
205 24 
205 24 
468 26 
0 0 
205 26 
202 26 
216 26 
205 26 
200 26 
202 26 
205 23 
208 26 
202 26 
208 26 
205 26 
205 26 
205 26 
208 26 
203 26 
202 26 
205 23 
205 26 
205 26 
200 26 
208 26 
205 26 
205 26 
208 26 
203 26 
208 26 
202 26 
208 26 
205 26 
200 26 
208 26 
205 26 
205 26 
202 26 
396 26 
202 26 
205 26 
205 26 
208 26 
205 26 
205 26 
205 26 
208 26 
205 26 
202 26 
205 26 
208 26 
205 26 
208 26 
205 26 
205 26 
205 26 
208 26 
203 26 
208 26 
202 26 
208 26 
205 26 
200 26 
266 26 
399 26 
214 24 
0 0 
0 0 
205 24 
244 44 
217 24 
205 45 
205 21 
205 24 
205 32 
205 21 
208 24 
205 21 
205 24 
205 21 
205 21 
208 24 
205 24 
205 21 
205 24 
205 24 
205 32 
205 32 
205 21 
194 21 
205 24 
205 24 
205 21 
205 35 
205 35 
194 24 
205 24 
205 24 
205 21 
205 35 
205 35 
660 98 
194 21 
205 24 
205 24 
205 21 
205 35 
205 35 
194 24 
205 24 
205 24 
205 21 
205 35 
205 32 
205 32 
208 24 
208 24 
205 21 
205 24 
205 32 
205 32 
208 24 
205 24 
205 21 
205 21 
205 21 
205 21 
462 26 
0 0 
205 26 
205 26 
205 21 
205 26 
361 127 
205 26 
217 23 
350 23 
480 23 
636 23 
766 23 
208 26 
205 26 
205 26 
208 26 
205 21 
205 26 
205 26 
205 26 
205 23 
205 26 
208 26 
205 26 
205 26 
208 26 
205 26 
205 23 
205 26 
205 21 
205 26 
208 26 
205 26 
205 23 
205 26 
203 26 
205 26 
537 815 
208 26 
205 26 
205 26 
205 23 
205 26 
208 26 
205 23 
205 26 
205 23 
208 26 
205 26 
205 26 
205 26 
205 21 
205 26 
205 23 
205 26 
208 26 
205 26 
205 26 
202 26 
208 26 
205 23 
205 26 
205 26 
205 23 
205 26 
205 26 
208 26 
205 26 
208 26 
205 23 
205 26 
208 26 
205 26 
205 26 
208 26 
205 26 
205 23 
205 26 
205 26 
205 23 
292 23 
428 23 
558 23 
714 23 
844 23 
203 23 
205 23 
202 26 
205 26 
205 26 
208 26 
205 26 
205 23 
205 26 
205 21 
205 26 
205 26 
205 26 
205 23 
205 26 
346 26 
205 26 
205 23 
205 26 
205 26 
205 23 
205 26 
205 26 
205 23 
205 26 
208 26 
205 26 
205 26 
208 26 
205 26 
208 26 
205 26 
208 26 
205 23 
205 26 
208 26 
205 26 
205 26 
202 26 
205 26 
205 23 
205 26 
205 26 
205 23 
205 26 
205 26 
205 23 
483 23 
208 26 
205 23 
205 26 
205 21 
205 26 
208 26 
205 26 
205 23 
205 26 
205 26 
205 23 
205 26 
205 23 
205 26 
205 23 
208 26 
205 23 
205 23 
205 26 
237 23 
376 23 
506 23 
662 23 
792 23 
208 26 
205 23 
200 23 
208 26 
205 26 
202 26 
205 26 
205 23 
205 26 
205 26 
205 23 
205 26 
205 26 
205 23 
205 26 
205 26 
205 23 
205 23 
205 26 
205 26 
208 26 
205 21 
205 26 
205 26 
205 21 
205 26 
205 23 
205 26 
208 26 
205 26 
205 26 
202 26 
205 26 
205 23 
205 26 
205 26 
205 23 
205 26 
387 948 
205 23 
208 26 
205 26 
202 26 
208 26 
205 21 
205 26 
208 26 
205 26 
205 23 
205 26 
205 26 
205 23 
205 26 
205 23 
205 26 
481 21 
0 0 
0 0 
208 24 
205 24 
205 21 
205 32 
318 21 
205 21 
437 21 
309 24 
202 24 
202 24 
196 35 
178 32 
261 21 
181 32 
170 24 
190 24 
184 21 
769 24 
208 24 
208 21 
214 24 
181 24 
211 32 
178 24 
208 24 
170 32 
208 24 
185 24 
205 21 
202 35 
214 32 
208 35 
167 35 
170 21 
205 21 
178 24 
205 32 
181 21 
205 21 
196 24 
181 24 
208 21 
199 24 
674 110 
208 24 
194 24 
170 32 
205 24 
202 24 
205 32 
205 32 
208 24 
205 24 
205 21 
205 24 
205 32 
205 32 
205 35 
208 21 
202 24 
205 21 
205 21 
205 32 
208 35 
205 21 
205 24 
205 24 
205 21 
205 21 
205 21 
205 21 
205 24 
208 24 
208 24 
205 21 
205 35 
205 21 
205 24 
208 24 
181 24 
205 24 
205 32 
258 24 
202 24 
181 32 
684 32 
181 24 
205 24 
205 32 
205 32 
208 24 
205 24 
205 21 
205 24 
205 32 
178 21 
208 24 
205 24 
205 24 
196 24 
202 24 
205 32 
205 32 
208 24 
205 24 
205 21 
205 24 
205 32 
205 32 
205 35 
205 24 
205 21 
205 24 
208 21 
205 32 
205 35 
170 35 
205 21 
182 24 
211 24 
255 21 
181 24 
181 32 
181 32 
205 187 
21 214 
24 190 
211 27 
699 21 
173 170 
191 26 
0 0 
240 275 
205 271 
208 29 
211 29 
211 31 
208 23 
214 26 
205 26 
208 199 
728 29 
214 32 
208 32 
188 29 
191 31 
205 31 
214 29 
214 32 
214 29 
514 38 
216 26 
211 29 
208 29 
211 29 
185 32 
722 32 
185 26 
179 29 
187 177 
26 838 
29 217 
32 193 
217 32 
193 26 
214 31 
214 29 
217 34 
217 32 
219 32 
217 32 
234 31 
216 29 
216 32 
219 26 
219 32 
220 26 
217 29 
219 32 
208 29 
217 32 
217 32 
219 32 
211 26 
214 29 
219 32 
214 34 
211 26 
219 29 
205 29 
214 32 
188 34 
193 32 
176 187 
26 217 
26 176 
170 173 
0 0 
199 190 
205 24 
657 24 
211 21 
577 21 
193 187 
30 205 
35 276 
35 217 
27 170 
35 187 
680 54 
193 35 
214 170 
24 261 
181 77 
170 24 
170 21 
176 24 
318 169 
211 32 
178 24 
208 24 
205 24 
205 24 
178 24 
193 21 
190 27 
250 98 
193 24 
170 21 
176 21 
184 21 
184 27 
1005 193 
27 1007 
24 173 
24 211 
24 196 
24 173 
32 211 
32 202 
24 214 
21 244 
24 235 
24 176 
21 173 
35 208 
24 214 
24 229 
24 237 
21 315 
24 178 
32 211 
32 291 
24 247 
21 190 
21 243 
24 176 
24 271 
35 193 
21 187 
24 184 
21 187 
24 187 
24 181 
21 173 
21 178 
32 211 
24 178 
24 217 
24 173 
24 185 
32 306 
32 214 
21 235 
21 273 
21 211 
24 194 
21 179 
21 187 
21 238 
24 282 
21 208 
21 184 
24 249 
32 190 
21 202 
35 181 
21 211 
21 255 
21 185 
35 202 
24 244 
24 226 
21 211 
24 238 
24 262 
21 194 
38 258 
32 247 
24 353 
419 24 
760 182 
0 0 
0 0 
0 0 
23 211 
23 211 
21 208 
0 0 
0 0 
35 223 
21 255 
32 211 
21 184 
21 181 
21 211 
21 176 
24 187 
24 184 
24 190 
21 178 
21 264 
24 256 
35 208 
24 196 
21 181 
21 184 
21 208 
21 306 
21 167 
35 184 
32 181 
21 235 
21 211 
24 279 
21 167 
35 190 
21 285 
21 214 
21 181 
21 252 
21 181 
32 220 
24 217 
35 327 
24 261 
21 252 
21 187 
24 223 
24 220 
27 282 
24 330 
232 32 
273 24 
193 24 
286 21 
265 35 
258 21 
262 32 
262 24 
226 32 
232 35 
321 21 
232 24 
170 35 
223 21 
217 21 
184 24 
178 21 
173 35 
173 35 
214 24 
277 21 
181 21 
178 21 
220 35 
205 21 
190 24 
181 24 
217 21 
205 21 
505 32 
208 21 
208 24 
176 35 
187 24 
297 24 
258 24 
205 21 
202 21 
208 24 
167 24 
167 24 
181 24 
270 24 
181 32 
194 21 
238 21 
167 24 
211 21 
270 24 
208 32 
170 35 
271 35 
235 21 
966 24 
422 24 
220 181 
30 276 
21 267 
21 220 
21 229 
30 336 
187 179 
285 35 
247 196 
244 35 
220 38 
187 44 
176 24 
190 32 
211 32 
199 24 
167 24 
199 24 
181 21 
181 24 
181 32 
181 32 
170 32 
276 253 
187 21 
220 24 
279 294 
24 208 
265 24 
242 179 
0 0 
0 0 
23 191 
23 685 
23 263 
179 185 
29 205 
220 211 
208 31 
303 23 
650 26 
274 26 
173 24 
0 0 
0 0 
187 187 
24 184 
27 222 
24 303 
24 184 
24 211 
24 170 
199 23 
0 0 
0 0 
179 179 
29 211 
341 202 
214 38 
217 35 
225 179 
277 30 
0 0 
0 0 
208 184 
30 190 
178 32 
170 35 
208 21 
178 24 
205 21 
181 21 
214 35 
181 21 
170 35 
205 21 
187 24 
205 21 
208 35 
205 21 
471 26 
0 0 
200 23 
208 26 
205 26 
202 26 
205 26 
202 26 
208 26 
188 26 
200 26 
202 26 
205 23 
208 26 
205 26 
203 26 
205 26 
205 26 
202 26 
205 26 
208 26 
211 26 
208 26 
306 26 
196 26 
205 26 
208 26 
205 26 
592 26 
205 26 
309 26 
451 26 
581 26 
737 26 
870 26 
205 26 
205 26 
202 26 
203 26 
205 26 
228 26 
203 26 
205 26 
205 26 
309 26 
205 23 
205 26 
205 26 
200 23 
205 26 
203 23 
205 26 
202 26 
202 26 
205 26 
200 26 
208 26 
202 26 
205 26 
208 26 
203 26 
202 26 
300 26 
202 26 
203 23 
202 26 
208 26 
205 26 
205 26 
205 26 
208 26 
205 26 
208 26 
208 26 
205 26 
202 26 
202 26 
205 26 
202 26 
202 26 
208 26 
200 26 
205 26 
202 26 
205 26 
205 26 
208 26 
205 26 
461 21 
0 0 
0 0 
205 24 
170 24 
184 24 
208 21 
193 21 
321 24 
181 32 
220 21 
220 21 
199 32 
300 21 
261 35 
454 21 
199 35 
740 21 
835 21 
1123 24 
273 24 
241 297 
0 0 
0 0 
21 511 
27 247 
261 24 
193 21 
178 35 
244 32 
179 21 
199 24 
223 35 
229 24 
252 24 
231 21 
176 24 
381 24 
223 24 
211 35 
255 21 
173 24 
262 32 
208 24 
217 24 
273 24 
395 21 
187 21 
398 21 
342 21 
538 24 
184 21 
187 24 
211 21 
181 32 
176 21 
179 24 
238 32 
401 21 
291 32 
261 21 
182 21 
223 21 
205 24 
205 24 
205 21 
211 35 
208 21 
205 24 
208 24 
181 24 
181 21 
205 32 
205 32 
208 24 
244 21 
271 24 
264 21 
463 23 
0 0 
0 0 
301 23 
211 26 
202 26 
202 26 
734 26 
188 23 
561 26 
300 23 
194 26 
246 26 
254 26 
185 26 
185 26 
176 26 
205 26 
182 26 
182 26 
205 26 
188 23 
197 26 
214 26 
194 26 
240 26 
352 26 
182 26 
234 26 
277 26 
298 26 
173 26 
205 26 
211 26 
335 26 
179 23 
173 26 
179 26 
176 26 
254 26 
205 26 
228 26 
211 26 
373 26 
179 26 
667 26 
179 26 
205 26 
197 26 
196 26 
202 26 
187 26 
208 23 
179 23 
269 23 
179 26 
191 23 
179 26 
205 26 
174 26 
205 26 
176 23 
200 26 
191 26 
188 26 
177 23 
329 26 
251 87 
505 26 
2733 176 
647 26 
323 26 
228 26 
194 23 
176 26 
257 26 
231 26 
237 26 
338 26 
211 26 
208 23 
341 38 
430 23 
561 23 
855 26 
826 26 
182 26 
228 23 
301 23 
1638 23 
217 26 
203 23 
260 23 
286 23 
188 26 
520 23 
369 26 
283 26 
213 26 
320 21 
344 26 
1190 23 
234 26 
194 23 
257 26 
350 23 
361 26 
176 23 
214 26 
229 23 
667 26 
211 26 
174 23 
222 26 
202 26 
252 26 
185 26 
609 26 
283 21 
213 26 
202 26 
286 26 
228 26 
176 23 
182 26 
283 23 
269 26 
211 23 
179 26 
211 26 
214 26 
228 26 
185 23 
1907 26 
191 26 
179 26 
176 26 
177 23 
179 26 
179 26 
211 26 
174 23 
176 26 
213 26 
185 26 
179 26 
176 26 
202 26 
182 26 
298 26 
263 26 
208 26 
214 26 
214 23 
177 26 
179 26 
240 26 
176 26 
171 23 
286 26 
263 26 
196 26 
179 26 
286 26 
246 26 
760 2051 
217 23 
179 26 
176 26 
237 23 
182 26 
208 26 
303 26 
177 26 
208 26 
174 26 
179 26 
182 23 
208 26 
174 26 
173 26 
182 26 
228 26 
442 26 
196 23 
205 23 
177 26 
179 26 
173 23 
401 26 
673 23 
222 26 
179 23 
217 23 
197 26 
237 26 
182 23 
569 26 
179 23 
182 26 
171 23 
205 26 
176 23 
176 26 
231 26 
173 26 
309 26 
193 26 
179 26 
220 23 
231 23 
234 26 
196 26 
248 26 
239 26 
228 21 
234 23 
217 23 
315 26 
323 26 
211 23 
248 26 
188 26 
240 26 
537 26 
182 26 
338 26 
419 26 
996 979 
272 26 
858 26 
174 26 
217 23 
349 26 
188 26 
199 23 
182 26 
188 26 
182 26 
179 23 
428 26 
179 23 
187 26 
219 26 
205 23 
174 23 
283 26 
185 26 
173 26 
182 26 
254 23 
208 26 
176 23 
208 26 
187 26 
323 26 
179 26 
179 26 
208 26 
173 26 
4229 26 
638 26 
595 26 
173 26 
173 26 
179 26 
199 26 
194 23 
174 26 
176 26 
174 26 
179 26 
878 23 
430 23 
269 23 
240 26 
303 26 
575 23 
217 23 
176 26 
208 26 
228 26 
222 26 
182 26 
182 23 
237 26 
196 26 
182 23 
176 26 
182 26 
295 26 
185 23 
301 1303 
205 26 
303 26 
217 23 
240 26 
185 23 
182 26 
193 26 
173 26 
670 23 
792 26 
208 26 
179 26 
179 26 
188 26 
176 26 
248 26 
174 26 
205 26 
179 26 
179 23 
185 26 
176 26 
205 23 
174 23 
179 26 
239 26 
456 21 
208 23 
251 26 
176 26 
234 26 
188 26 
182 26 
835 23 
176 26 
179 26 
219 26 
202 26 
179 26 
199 26 
174 26 
214 26 
171 26 
177 23 
171 26 
214 26 
179 26 
179 26 
208 26 
182 26 
191 26 
213 26 
488 26 
182 23 
176 26 
182 23 
185 26 
225 26 
300 26 
182 26 
205 26 
179 26 
214 26 
177 26 
202 26 
214 26 
179 26 
182 21 
182 23 
214 26 
329 26 
188 26 
176 26 
208 23 
182 23 
208 26 
326 26 
185 26 
303 23 
491 26 
633 23 
734 26 
899 23 
179 23 
176 26 
174 26 
171 23 
208 23 
266 26 
176 23 
188 26 
179 26 
214 23 
173 26 
190 23 
1762 26 
219 26 
193 26 
205 23 
174 26 
219 23 
173 26 
266 26 
182 26 
205 26 
464 21 
0 0 
0 0 
0 0 
181 21 
178 24 
714 24 
196 48 
226 38 
176 21 
187 190 
24 470 
21 208 
32 202 
26 205 
0 0 
0 0 
23 205 
26 205 
26 208 
23 200 
26 205 
23 419 
23 200 
26 205 
23 205 
26 208 
26 205 
23 211 
26 205 
23 208 
23 202 
21 202 
23 208 
23 208 
21 202 
23 208 
23 200 
26 208 
23 205 
23 203 
26 208 
23 202 
23 208 
23 205 
23 208 
23 240 
26 381 
23 532 
23 662 
23 818 
23 200 
23 208 
23 205 
26 179 
23 208 
21 208 
23 202 
23 208 
21 202 
23 217 
26 208 
23 205 
23 205 
23 208 
23 205 
23 203 
26 208 
23 202 
23 208 
23 202 
21 202 
23 208 
23 208 
21 202 
23 208 
23 214 
23 208 
23 205 
23 203 
26 208 
23 202 
23 208 
23 202 
21 202 
23 208 
23 208 
21 202 
23 208 
23 200 
26 208 
23 205 
23 202 
23 205 
26 208 
23 205 
23 205 
26 208 
23 202 
21 208 
23 202 
23 205 
23 205 
26 205 
23 208 
23 205 
26 205 
23 208 
23 205 
26 205 
21 202 
23 208 
23 208 
21 202 
23 208 
23 200 
26 208 
23 179 
23 199 
23 324 
23 454 
23 610 
23 740 
26 901 
23 208 
23 202 
26 205 
23 202 
21 208 
23 202 
23 205 
23 205 
26 205 
23 208 
23 205 
26 205 
23 208 
23 202 
23 205 
23 208 
23 203 
23 202 
21 205 
23 208 
23 202 
21 208 
23 208 
23 205 
23 205 
26 222 
23 208 
23 208 
21 202 
23 208 
23 200 
26 208 
23 203 
26 205 
23 205 
26 208 
23 205 
23 205 
26 208 
23 202 
21 208 
23 202 
23 205 
23 205 
26 205 
23 208 
23 205 
26 205 
23 205 
23 208 
23 202 
21 202 
23 208 
23 208 
21 202 
23 208 
23 200 
26 468 
23 208 
23 205 
21 208 
23 208 
23 205 
23 205 
26 217 
26 205 
21 208 
26 263 
23 419 
23 549 
23 679 
26 832 
26 211 
23 208 
23 203 
26 205 
23 205 
26 208 
23 202 
23 205 
23 205 
23 208 
23 202 
21 205 
23 208 
23 202 
21 208 
23 208 
23 205 
23 205 
26 208 
23 202 
21 208 
23 202 
23 205 
23 205 
26 208 
23 205 
23 203 
26 208 
23 202 
23 208 
23 202 
21 202 
23 208 
23 208 
21 202 
23 208 
23 200 
26 208 
23 205 
23 203 
26 205 
23 203 
26 205 
23 205 
26 208 
23 202 
21 208 
23 202 
23 205 
23 543 
23 200 
23 208 
23 205 
26 205 
23 208 
23 205 
26 208 
23 202 
23 208 
23 202 
21 202 
23 208 
23 200 
26 208 
23 205 
23 203 
26 208 
23 205 
23 350 
26 485 
23 636 
23 766 
26 890 
23 208 
23 205 
23 205 
23 208 
23 205 
23 203 
26 208 
23 202 
23 208 
23 202 
21 202 
23 208 
23 208 
21 202 
23 208 
23 205 
23 202 
26 208 
26 205 
23 205 
26 208 
23 205 
23 205 
23 203 
26 205 
23 205 
26 205 
23 202 
21 208 
23 202 
23 205 
23 200 
23 208 
23 202 
23 208 
23 202 
21 202 
23 208 
26 211 
23 202 
23 208 
23 202 
21 205 
23 208 
23 202 
21 208 
23 208 
23 205 
26 205 
23 208 
23 202 
23 205 
23 208 
23 202 
23 202 
23 208 
21 202 
23 205 
23 208 
23 202 
23 208 
23 202 
21 202 
23 200 
354 604 
0 0 
0 0 
24 844 
21 208 
35 205 
24 220 
21 228 
24 208 
24 185 
793 612 
425 26 
0 0 
0 0 
205 23 
205 26 
205 26 
205 23 
208 26 
205 26 
200 26 
208 26 
205 26 
176 26 
205 26 
205 26 
202 26 
208 26 
205 26 
485 147 
202 26 
202 26 
202 26 
203 23 
202 26 
208 26 
205 26 
205 26 
208 26 
205 26 
208 26 
202 26 
211 23 
208 23 
208 26 
205 26 
200 26 
208 26 
205 26 
202 26 
208 26 
203 26 
202 26 
205 23 
208 26 
266 26 
205 26 
202 26 
203 23 
205 26 
205 26 
208 26 
436 26 
208 26 
205 26 
208 26 
205 26 
205 26 
205 26 
208 26 
200 26 
202 26 
205 23 
208 26 
234 23 
200 23 
219 32 
644 23 
1144 24 
0 0 
0 0 
12091 35 
0 0 
187 30 
220 27 
205 24 
205 24 
205 24 
208 32 
205 32 
208 35 
205 24 
205 24 
205 21 
187 116 
205 35 
205 21 
205 21 
208 24 
208 24 
205 21 
205 32 
208 32 
208 24 
205 24 
205 24 
205 24 
698 24 
205 35 
208 35 
205 24 
205 24 
205 24 
939 232 
205 21 
205 21 
205 21 
208 24 
208 24 
205 21 
386 517 
208 32 
205 24 
208 24 
205 24 
205 24 
205 24 
205 32 
205 32 
208 35 
205 24 
205 24 
205 21 
817 92 
205 35 
205 21 
205 24 
208 24 
205 21 
468 26 
0 0 
0 0 
202 26 
202 26 
208 26 
205 26 
1054 34 
318 26 
454 26 
581 26 
737 26 
867 26 
205 26 
205 26 
202 26 
203 23 
202 26 
208 26 
205 26 
300 26 
205 26 
205 26 
208 26 
931 225 
205 26 
208 26 
554 127 
202 26 
200 26 
208 26 
205 26 
205 26 
208 26 
203 26 
202 26 
205 26 
208 26 
208 26 
205 26 
225 26 
208 26 
205 26 
205 26 
202 26 
208 26 
205 26 
208 26 
200 23 
208 26 
203 26 
202 26 
205 23 
870 26 
202 26 
205 26 
205 26 
208 26 
205 26 
295 26 
208 26 
205 26 
200 26 
208 26 
205 26 
205 26 
283 23 
200 23 
208 26 
205 26 
208 26 
205 26 
263 136 
205 26 
205 26 
200 26 
208 26 
208 26 
205 26 
684 1254 
257 26 
399 26 
529 26 
662 26 
815 26 
205 26 
205 26 
202 26 
205 26 
205 26 
202 26 
205 26 
176 26 
202 26 
203 23 
202 26 
208 26 
205 26 
208 26 
205 26 
202 26 
208 26 
203 26 
202 26 
205 23 
174 23 
202 26 
200 26 
205 26 
205 26 
205 26 
208 26 
203 26 
202 26 
205 23 
208 26 
205 26 
208 26 
182 26 
203 26 
202 26 
202 26 
203 23 
208 26 
707 121 
205 26 
205 26 
200 26 
208 26 
205 26 
205 26 
205 26 
203 23 
205 26 
200 26 
208 26 
205 26 
327 26 
205 26 
202 26 
205 26 
205 26 
202 26 
205 26 
269 145 
202 26 
200 23 
202 26 
208 26 
205 26 
205 26 
208 26 
179 26 
321 26 
477 26 
607 26 
737 26 
205 26 
205 26 
205 26 
208 26 
461 21 
0 0 
306 24 
205 32 
205 24 
184 32 
205 24 
167 32 
205 21 
205 35 
205 35 
194 24 
208 24 
208 24 
205 21 
478 24 
205 32 
205 32 
208 24 
205 24 
205 21 
205 21 
178 24 
178 21 
205 21 
170 35 
208 24 
205 21 
413 21 
465 23 
0 0 
205 26 
205 26 
205 23 
205 26 
205 26 
205 23 
205 26 
205 26 
205 23 
205 26 
1072 23 
205 26 
205 23 
203 23 
208 26 
205 26 
208 26 
205 26 
205 23 
205 26 
205 26 
205 23 
205 26 
419 26 
205 23 
205 26 
208 26 
205 26 
205 26 
350 119 
203 26 
205 26 
205 26 
269 23 
402 23 
558 23 
688 23 
818 23 
208 26 
205 26 
202 26 
208 26 
586 23 
208 26 
205 23 
208 26 
205 26 
205 23 
205 26 
208 26 
205 26 
205 26 
202 26 
208 26 
208 26 
205 26 
208 26 
205 26 
205 21 
205 26 
205 23 
205 26 
535 26 
205 23 
205 26 
208 26 
208 26 
205 26 
208 26 
205 26 
205 23 
205 26 
205 26 
205 23 
205 26 
318 246 
205 23 
205 26 
205 21 
205 26 
208 26 
205 26 
205 23 
205 26 
205 26 
205 23 
205 26 
205 26 
202 26 
208 26 
205 23 
205 26 
205 23 
208 26 
442 96 
202 26 
205 26 
205 21 
205 26 
205 23 
205 26 
208 26 
205 26 
205 26 
202 26 
208 23 
177 26 
497 23 
636 23 
766 23 
208 26 
205 26 
205 23 
205 26 
205 641 
208 26 
205 26 
202 26 
208 26 
205 23 
205 26 
205 26 
205 23 
208 26 
205 26 
205 23 
205 26 
884 462 
205 26 
202 26 
208 26 
205 26 
205 26 
208 26 
205 26 
205 23 
208 26 
205 26 
205 23 
205 26 
176 26 
202 26 
202 26 
208 26 
205 26 
202 26 
685 130 
203 23 
205 23 
202 26 
205 23 
205 26 
202 26 
202 26 
208 26 
205 23 
266 26 
203 26 
205 26 
205 26 
535 23 
205 26 
205 21 
205 26 
205 23 
205 26 
228 26 
205 23 
205 26 
208 26 
205 26 
205 26 
208 26 
254 21 
205 23 
208 26 
205 26 
205 23 
286 23 
1503 563 
558 23 
714 23 
844 23 
203 23 
205 23 
202 26 
205 23 
205 26 
205 26 
205 23 
208 26 
205 23 
835 21 
205 23 
205 26 
205 21 
205 26 
205 26 
205 26 
205 23 
205 26 
205 26 
205 23 
205 26 
205 26 
182 26 
202 26 
208 26 
205 21 
205 26 
208 26 
205 26 
205 23 
205 26 
205 26 
205 23 
647 21 
205 26 
202 26 
205 26 
208 26 
205 21 
205 26 
208 26 
205 26 
347 26 
205 26 
205 21 
205 26 
205 23 
205 26 
208 26 
205 26 
205 26 
202 26 
208 26 
205 23 
205 26 
205 23 
208 26 
205 26 
208 26 
205 23 
205 26 
609 523 
205 23 
205 26 
205 26 
202 26 
205 26 
234 23 
174 23 
500 23 
662 23 
792 23 
208 26 
205 26 
297 124 
208 26 
208 26 
205 26 
202 26 
208 26 
205 21 
205 26 
205 26 
205 21 
205 26 
205 26 
205 26 
197 130 
205 26 
205 26 
202 26 
208 26 
205 23 
205 26 
205 26 
200 26 
208 26 
205 26 
205 23 
205 26 
260 23 
208 26 
205 26 
543 124 
205 26 
205 26 
208 26 
1265 26 
205 23 
205 26 
205 26 
205 23 
205 26 
1000 43 
208 26 
205 21 
205 26 
205 23 
205 26 
208 26 
205 26 
205 26 
208 26 
205 26 
205 23 
205 26 
598 122 
205 23 
205 26 
205 26 
202 26 
208 26 
205 21 
205 26 
205 26 
205 21 
205 26 
205 23 
205 26 
791 26 
306 23 
454 23 
584 23 
740 23 
870 23 
203 23 
208 26 
205 26 
208 26 
205 26 
205 23 
208 26 
205 26 
205 23 
205 26 
208 26 
205 26 
433 116 
205 21 
205 26 
205 26 
205 21 
205 26 
205 23 
205 26 
176 26 
202 26 
202 26 
208 26 
205 26 
205 26 
208 26 
205 26 
205 23 
205 26 
205 26 
205 23 
205 26 
439 26 
205 26 
208 26 
205 21 
205 26 
205 26 
205 26 
205 23 
205 26 
205 26 
205 23 
205 26 
205 26 
344 23 
208 26 
205 21 
205 26 
205 23 
205 26 
612 130 
208 26 
205 26 
202 26 
205 23 
205 26 
205 26 
376 26 
202 26 
205 23 
203 23 
208 26 
413 130 
203 26 
205 26 
254 23 
402 23 
532 23 
662 23 
818 23 
203 32 
205 23 
208 26 
205 26 
202 26 
208 26 
205 21 
205 26 
205 26 
205 21 
205 26 
205 23 
205 26 
208 26 
205 26 
205 26 
202 26 
205 26 
205 23 
384 257 
208 26 
205 26 
205 26 
205 26 
205 23 
205 26 
205 21 
205 26 
208 26 
205 26 
205 23 
205 26 
297 222 
200 23 
205 23 
202 26 
205 23 
205 26 
205 26 
202 26 
208 26 
205 23 
205 26 
205 26 
208 26 
1028 26 
205 26 
205 26 
208 26 
205 26 
205 23 
223 26 
205 26 
202 26 
208 26 
205 21 
205 26 
208 26 
664 26 
205 26 
205 23 
205 26 
205 26 
205 23 
205 26 
205 21 
205 26 
185 23 
324 23 
190 179 
26 208 
23 188 
216 26 
208 29 
202 26 
203 23 
202 26 
242 130 
208 26 
202 26 
202 26 
208 26 
205 26 
205 23 
203 26 
202 26 
203 29 
182 182 
26 211 
21 202 
26 711 
26 208 
23 208 
26 200 
23 208 
23 202 
23 202 
23 208 
21 202 
23 205 
23 205 
26 202 
23 208 
23 228 
26 202 
23 208 
23 202 
21 202 
23 208 
23 200 
26 211 
23 208 
23 202 
21 208 
23 208 
23 202 
21 266 
23 208 
23 200 
26 205 
23 205 
23 203 
26 205 
23 202 
23 208 
23 202 
21 208 
23 208 
23 202 
21 208 
26 208 
23 202 
21 200 
23 208 
23 202 
23 202 
23 208 
21 202 
23 205 
23 208 
23 202 
23 277 
23 636 
26 563 
26 693 
26 823 
26 205 
23 202 
21 445 
26 208 
23 202 
23 202 
23 205 
23 202 
23 202 
26 205 
26 205 
23 202 
23 200 
23 208 
23 202 
23 202 
23 208 
23 208 
23 205 
23 205 
23 208 
23 205 
26 274 
23 208 
23 202 
21 208 
23 202 
23 205 
23 205 
26 205 
23 208 
23 205 
26 205 
23 208 
23 205 
23 176 
21 205 
23 208 
23 202 
21 202 
23 208 
23 200 
26 208 
23 202 
23 202 
23 208 
21 202 
23 208 
26 174 
26 208 
23 203 
26 205 
23 205 
23 203 
26 205 
23 202 
23 208 
23 202 
21 208 
23 208 
23 861 
26 208 
23 205 
23 208 
26 208 
21 202 
23 205 
21 208 
26 355 
26 208 
21 624 
23 771 
24 217 
0 0 
0 0 
0 0 
35 193 
32 208 
24 205 
21 205 
21 205 
26 208 
0 0 
26 200 
23 208 
23 208 
21 202 
23 485 
23 202 
26 205 
23 208 
23 205 
26 205 
23 208 
23 205 
26 205 
23 208 
23 202 
23 208 
23 202 
23 208 
23 202 
21 205 
23 208 
23 202 
21 208 
23 508 
23 208 
23 202 
21 202 
23 208 
23 208 
21 202 
23 208 
23 205 
23 202 
26 208 
26 205 
23 205 
26 572 
23 202 
23 205 
26 208 
23 202 
21 208 
23 202 
23 301 
26 205 
23 205 
26 208 
26 205 
26 205 
23 208 
23 205 
26 205 
23 208 
23 202 
23 205 
23 208 
23 257 
23 277 
23 428 
23 558 
23 714 
23 844 
23 1534 
23 202 
26 205 
23 208 
23 202 
23 205 
23 208 
23 699 
23 202 
23 208 
21 202 
23 205 
23 208 
23 647 
23 208 
23 202 
21 202 
23 200 
26 205 
23 202 
23 208 
23 202 
21 205 
23 208 
23 202 
21 208 
23 690 
23 208 
23 208 
21 202 
23 208 
23 208 
21 202 
23 208 
23 205 
26 205 
23 208 
23 205 
26 205 
23 208 
23 205 
26 205 
23 208 
23 202 
23 205 
23 208 
23 219 
21 208 
23 202 
23 179 
23 205 
26 205 
23 208 
26 205 
26 205 
23 208 
23 202 
23 205 
23 208 
23 202 
23 202 
23 208 
21 202 
23 205 
23 208 
23 408 
23 200 
26 240 
26 381 
23 506 
23 636 
23 792 
23 203 
26 205 
23 205 
26 208 
26 205 
23 205 
26 589 
26 208 
23 202 
21 208 
23 200 
26 205 
23 202 
23 208 
23 202 
21 205 
23 260 
23 202 
21 208 
23 208 
23 205 
23 205 
26 208 
23 202 
21 208 
23 171 
26 205 
23 205 
26 205 
23 208 
23 205 
26 205 
23 428 
23 200 
26 205 
23 202 
23 208 
23 202 
21 202 
23 208 
23 200 
26 202 
23 208 
23 202 
21 208 
23 208 
23 205 
23 205 
26 208 
23 202 
21 208 
23 202 
23 205 
23 205 
26 205 
23 208 
23 205 
26 208 
23 176 
23 208 
23 208 
21 202 
23 208 
23 208 
21 950 
26 202 
23 202 
23 174 
26 318 
23 454 
26 589 
23 1815 
26 864 
26 176 
21 202 
23 208 
23 208 
21 202 
23 208 
23 200 
26 208 
23 205 
23 203 
26 208 
23 251 
23 208 
23 208 
21 202 
23 208 
23 260 
23 208 
23 205 
23 205 
23 208 
23 205 
23 203 
26 208 
23 176 
26 208 
23 208 
21 202 
23 208 
23 208 
21 260 
23 203 
26 176 
23 202 
23 205 
23 205 
26 205 
23 208 
23 205 
26 205 
23 208 
23 202 
23 205 
26 385 
23 208 
23 202 
21 205 
23 208 
23 173 
23 205 
23 223 
26 205 
23 205 
26 208 
23 202 
21 208 
23 202 
23 205 
23 205 
26 205 
23 208 
23 205 
26 205 
23 176 
21 205 
23 208 
21 202 
23 254 
26 381 
23 861 
26 676 
23 818 
23 200 
23 208 
23 205 
26 205 
23 208 
23 205 
26 205 
23 208 
23 176 
23 208 
21 341 
26 202 
21 208 
23 202 
23 205 
23 205 
26 205 
23 208 
23 205 
26 205 
23 208 
23 202 
26 205 
23 731 
23 205 
23 202 
26 205 
23 682 
23 203 
26 208 
23 702 
23 205 
23 205 
26 208 
23 202 
21 208 
23 202 
23 205 
23 205 
26 205 
23 205 
23 208 
23 208 
23 274 
23 205 
26 205 
23 208 
23 202 
23 205 
23 208 
29 208 
32 682 
26 182 
23 182 
26 219 
61 222 
34 367 
26 214 
26 217 
26 205 
26 208 
26 208 
26 205 
23 208 
23 200 
26 208 
23 205 
23 194 
23 324 
23 636 
26 615 
23 740 
23 887 
23 203 
26 205 
23 202 
23 208 
23 202 
21 205 
23 208 
23 202 
21 208 
23 1031 
23 203 
26 205 
23 202 
23 208 
23 202 
21 208 
23 200 
26 205 
23 205 
26 208 
26 205 
23 205 
26 268 
23 205 
26 205 
23 208 
23 202 
23 205 
23 835 
23 208 
23 202 
21 208 
23 200 
26 205 
23 205 
26 398 
21 208 
23 202 
23 208 
21 202 
23 205 
23 208 
23 202 
23 202 
23 208 
21 202 
23 205 
23 222 
26 202 
23 208 
23 202 
21 202 
23 208 
23 208 
21 231 
23 208 
23 200 
23 205 
23 208 
23 205 
21 208 
23 208 
23 205 
23 200 
23 208 
23 202 
23 205 
23 332 
26 413 
23 558 
26 693 
23 818 
23 203 
26 436 
26 202 
23 208 
23 202 
21 202 
23 208 
23 202 
26 205 
23 203 
26 205 
23 205 
26 208 
26 205 
23 309 
23 208 
23 205 
23 205 
26 208 
23 202 
21 208 
23 202 
23 205 
23 205 
23 367 
23 205 
23 203 
26 208 
23 202 
23 208 
23 202 
21 202 
23 208 
23 208 
21 358 
23 202 
23 202 
23 208 
21 202 
23 208 
23 1031 
23 205 
23 208 
23 208 
21 202 
23 208 
23 208 
21 566 
23 208 
23 200 
26 208 
23 205 
23 203 
26 324 
23 208 
21 202 
23 208 
21 202 
23 208 
23 208 
21 202 
23 208 
23 200 
26 208 
23 205 
23 203 
26 292 
26 199 
23 350 
26 485 
23 636 
23 757 
26 1239 
26 205 
23 202 
21 208 
23 202 
23 205 
23 205 
26 335 
23 208 
21 208 
23 202 
23 208 
21 202 
23 205 
23 208 
23 176 
23 205 
23 205 
26 208 
26 205 
23 748 
23 208 
23 205 
23 205 
26 208 
23 202 
21 208 
23 202 
23 205 
23 205 
26 205 
23 202 
23 208 
23 832 
23 202 
23 208 
23 202 
21 202 
23 208 
23 867 
23 202 
23 205 
23 205 
26 205 
23 208 
23 205 
26 205 
23 179 
23 208 
23 208 
21 202 
23 208 
23 174 
26 208 
23 208 
23 200 
26 208 
23 205 
23 315 
23 292 
23 208 
23 205 
26 205 
23 179 
23 208 
23 208 
21 202 
23 208 
23 295 
23 428 
23 558 
23 714 
23 393 
23 202 
23 208 
23 202 
21 202 
23 208 
23 208 
21 205 
23 200 
26 205 
23 205 
23 203 
26 205 
23 176 
23 208 
23 205 
23 205 
26 208 
23 202 
21 378 
23 205 
23 208 
23 200 
26 176 
23 208 
23 205 
21 208 
23 208 
23 205 
23 205 
26 208 
23 202 
21 176 
23 205 
23 202 
21 208 
23 202 
23 205 
23 205 
26 208 
23 202 
23 208 
23 202 
21 202 
23 208 
23 208 
21 202 
23 208 
23 200 
26 208 
23 205 
23 203 
26 795 
23 208 
23 205 
26 208 
23 202 
23 208 
23 613 
26 208 
23 208 
23 200 
26 208 
23 205 
23 203 
26 208 
23 202 
23 208 
23 240 
26 381 
23 506 
23 627 
23 792 
23 203 
26 205 
23 205 
26 208 
26 205 
23 205 
26 208 
23 205 
23 205 
26 208 
23 202 
21 208 
23 202 
23 205 
23 208 
23 205 
23 208 
23 205 
21 208 
23 208 
23 205 
23 205 
26 208 
23 202 
21 208 
23 202 
23 205 
23 205 
26 205 
23 208 
23 179 
23 208 
21 202 
23 208 
23 208 
21 202 
23 208 
23 208 
21 202 
23 208 
23 200 
26 208 
23 205 
23 203 
26 208 
23 202 
23 179 
23 208 
23 208 
23 200 
26 205 
23 202 
23 208 
23 202 
21 205 
23 208 
23 202 
21 208 
23 208 
23 205 
23 205 
26 208 
23 205 
23 205 
23 208 
23 202 
23 202 
23 208 
21 312 
23 454 
26 589 
23 714 
23 870 
26 205 
23 208 
23 202 
23 205 
23 208 
23 176 
23 205 
23 205 
26 208 
26 205 
23 205 
26 208 
23 205 
23 205 
26 208 
23 202 
21 208 
23 202 
23 205 
23 205 
26 205 
23 205 
23 208 
23 208 
23 202 
23 208 
23 202 
21 202 
23 208 
23 208 
21 202 
23 208 
23 925 
23 208 
21 202 
23 205 
23 208 
23 208 
23 205 
23 205 
26 208 
23 202 
21 208 
23 202 
23 205 
23 205 
26 205 
23 208 
23 205 
26 205 
23 208 
23 205 
26 205 
23 205 
23 208 
23 202 
21 202 
23 208 
23 200 
26 208 
23 205 
23 203 
26 208 
23 202 
23 176 
23 208 
21 202 
23 254 
26 381 
23 523 
23 662 
23 818 
23 200 
23 208 
23 205 
26 205 
23 208 
23 205 
26 205 
23 208 
23 202 
23 205 
23 208 
23 202 
23 202 
23 202 
23 208 
23 205 
21 208 
23 208 
23 205 
23 205 
26 208 
23 202 
21 208 
23 202 
23 179 
21 208 
23 202 
23 205 
23 205 
26 208 
23 202 
23 208 
23 202 
21 202 
23 208 
23 208 
21 202 
23 208 
23 200 
26 208 
23 205 
23 203 
26 208 
23 202 
23 208 
23 205 
23 208 
23 202 
21 208 
23 202 
23 205 
23 205 
26 205 
23 208 
23 205 
26 205 
23 795 
23 205 
23 205 
26 208 
23 202 
21 205 
23 208 
21 205 
23 202 
23 208 
21 202 
23 216 
21 338 
23 454 
26 589 
24 211 
0 0 
0 0 
27 211 
24 211 
0 0 
24 202 
21 202 
32 208 
35 205 
26 205 
0 0 
26 205 
26 208 
23 205 
26 205 
23 208 
23 465 
23 202 
23 208 
21 208 
23 202 
23 202 
23 208 
23 200 
26 208 
23 202 
23 202 
23 208 
21 202 
23 208 
23 208 
21 205 
23 208 
23 202 
21 202 
23 208 
23 200 
26 202 
23 208 
23 202 
21 208 
23 208 
23 202 
21 208 
23 208 
23 202 
21 208 
23 202 
23 205 
23 205 
26 205 
23 208 
23 205 
26 208 
23 202 
23 208 
23 208 
23 202 
23 208 
23 202 
21 202 
23 208 
23 200 
26 208 
23 202 
23 202 
23 208 
21 202 
23 280 
26 396 
26 537 
26 693 
23 818 
26 205 
23 202 
21 208 
23 202 
23 205 
23 205 
26 205 
23 208 
23 205 
26 205 
23 208 
23 205 
23 205 
23 205 
23 203 
23 205 
23 202 
23 208 
26 202 
26 205 
26 211 
21 208 
23 208 
23 202 
23 208 
23 202 
21 202 
23 205 
23 208 
23 208 
21 202 
23 205 
23 208 
23 202 
23 208 
23 208 
23 202 
23 208 
23 202 
21 202 
23 208 
23 200 
26 208 
23 202 
23 205 
21 208 
23 208 
23 202 
21 208 
23 208 
23 202 
21 208 
23 202 
23 205 
23 205 
26 205 
23 208 
23 205 
26 205 
23 208 
23 205 
23 208 
23 202 
23 208 
23 202 
21 202 
23 208 
23 217 
26 355 
26 485 
26 615 
26 771 
26 901 
26 208 
23 208 
23 202 
23 205 
21 208 
23 202 
23 205 
23 205 
26 205 
23 208 
23 205 
26 205 
23 208 
23 205 
26 205 
23 208 
23 205 
23 200 
23 208 
23 208 
23 205 
23 202 
23 208 
23 202 
21 208 
23 208 
23 202 
21 208 
23 208 
23 202 
21 208 
23 202 
23 205 
23 205 
26 205 
23 205 
23 202 
23 208 
21 202 
23 208 
23 208 
21 205 
23 208 
23 202 
21 202 
23 208 
23 200 
26 208 
23 202 
23 202 
23 208 
21 205 
23 200 
26 208 
23 208 
23 200 
26 205 
23 205 
23 203 
26 205 
23 323 
23 205 
23 205 
23 208 
23 202 
23 208 
23 208 
23 272 
26 433 
26 563 
26 719 
23 844 
26 205 
23 208 
23 202 
23 202 
23 208 
21 202 
23 208 
23 208 
21 205 
23 208 
23 202 
21 208 
23 205 
21 208 
23 202 
23 205 
32 217 
29 205 
211 26 
243 72 
211 26 
214 26 
205 26 
205 26 
205 21 
205 26 
208 26 
202 26 
205 26 
205 26 
208 26 
205 26 
205 23 
205 26 
205 21 
205 26 
208 26 
205 26 
205 23 
205 26 
208 26 
205 26 
205 26 
208 23 
205 26 
205 23 
208 26 
205 21 
205 26 
208 26 
205 26 
205 23 
205 26 
208 26 
205 26 
205 26 
208 26 
205 26 
205 23 
205 26 
205 21 
205 26 
208 26 
205 26 
205 26 
205 26 
243 23 
376 23 
506 23 
662 23 
792 23 
208 26 
205 26 
208 26 
205 26 
205 26 
202 26 
208 26 
205 23 
205 26 
205 26 
205 23 
208 26 
205 26 
205 23 
205 26 
208 26 
205 26 
205 26 
202 26 
208 26 
208 26 
205 26 
208 26 
205 26 
205 21 
205 26 
205 26 
202 26 
208 26 
208 26 
205 26 
202 26 
208 26 
205 23 
205 26 
205 26 
205 23 
208 26 
205 26 
205 23 
205 26 
208 26 
205 26 
205 26 
202 26 
332 26 
205 23 
205 26 
208 26 
205 23 
205 26 
205 26 
205 23 
205 26 
205 21 
205 26 
205 26 
205 26 
205 23 
205 26 
208 26 
205 26 
205 26 
208 26 
205 26 
208 26 
205 26 
216 26 
312 23 
454 23 
584 23 
740 23 
870 23 
203 23 
208 26 
205 26 
208 26 
205 26 
205 23 
208 26 
205 26 
205 23 
205 26 
208 26 
205 26 
205 26 
208 26 
205 26 
208 26 
205 26 
208 26 
205 23 
205 26 
208 26 
205 26 
205 26 
202 26 
205 26 
205 23 
205 26 
205 26 
205 23 
205 26 
205 26 
205 23 
208 26 
205 26 
205 23 
205 26 
208 26 
205 26 
205 26 
208 26 
205 26 
208 26 
205 26 
208 26 
205 23 
205 26 
208 26 
205 26 
205 26 
202 26 
205 26 
205 23 
205 26 
205 26 
208 26 
205 21 
205 26 
205 23 
205 26 
203 26 
205 26 
205 26 
202 26 
208 26 
205 23 
205 26 
364 49 
243 23 
402 23 
532 23 
662 23 
818 23 
203 23 
208 26 
205 26 
202 26 
208 26 
205 23 
205 26 
205 26 
208 26 
205 26 
208 26 
205 23 
205 26 
208 26 
205 26 
205 26 
202 26 
205 26 
205 23 
205 26 
205 26 
205 26 
208 26 
205 26 
205 23 
205 26 
203 26 
205 26 
205 26 
202 26 
208 26 
205 23 
205 26 
203 23 
205 23 
202 26 
205 23 
205 26 
205 26 
202 26 
208 26 
205 23 
205 26 
205 26 
208 26 
205 21 
205 26 
205 26 
205 21 
205 26 
205 23 
205 26 
203 26 
205 26 
205 26 
202 26 
208 26 
1045 462 
205 23 
208 26 
205 26 
205 21 
205 26 
205 23 
205 26 
208 26 
205 26 
199 23 
324 23 
480 23 
610 23 
740 23 
896 23 
208 26 
202 26 
208 26 
205 23 
205 26 
208 26 
205 26 
205 26 
202 26 
208 26 
208 26 
205 26 
208 26 
205 26 
205 21 
205 26 
497 127 
205 26 
205 23 
205 26 
205 26 
202 26 
208 26 
208 26 
205 26 
208 26 
205 26 
205 21 
205 26 
205 23 
205 26 
208 26 
208 26 
205 26 
202 26 
208 26 
205 23 
205 26 
205 26 
205 23 
205 26 
205 26 
205 23 
205 26 
205 21 
205 26 
208 26 
205 26 
679 520 
205 26 
208 26 
205 26 
205 26 
205 21 
205 26 
205 23 
205 26 
208 26 
205 26 
205 26 
202 26 
205 26 
205 23 
205 26 
205 26 
205 23 
205 26 
257 23 
402 23 
558 23 
688 23 
818 23 
208 26 
202 26 
202 26 
208 26 
205 21 
205 26 
205 26 
205 21 
205 26 
205 26 
205 26 
202 26 
208 26 
205 23 
205 26 
205 23 
208 26 
205 26 
205 26 
205 26 
205 21 
205 26 
205 23 
205 26 
208 26 
205 26 
205 26 
202 26 
208 26 
205 23 
205 26 
205 26 
205 23 
205 26 
205 26 
200 26 
208 26 
205 26 
205 23 
803 127 
202 26 
208 26 
205 26 
205 26 
205 26 
205 26 
208 26 
205 26 
205 23 
205 26 
205 21 
205 26 
205 26 
205 26 
205 23 
205 26 
208 26 
205 26 
205 26 
208 26 
205 26 
208 26 
205 26 
208 26 
205 23 
205 26 
208 26 
214 23 
350 23 
480 23 
636 23 
1422 127 
200 26 
202 26 
205 23 
208 26 
205 23 
205 23 
205 26 
202 26 
202 26 
208 26 
205 21 
205 26 
205 26 
205 21 
205 26 
205 26 
205 26 
202 26 
208 26 
205 23 
205 26 
205 23 
208 26 
205 26 
205 26 
205 26 
205 21 
205 26 
205 23 
205 26 
208 26 
179 26 
205 26 
205 23 
205 26 
205 26 
208 26 
205 26 
205 23 
205 26 
205 26 
208 26 
205 26 
208 26 
205 23 
205 26 
208 26 
205 26 
205 26 
208 26 
205 26 
205 23 
205 26 
205 26 
205 23 
205 26 
205 21 
205 26 
205 26 
205 26 
205 23 
205 26 
208 26 
205 26 
205 26 
208 26 
205 26 
208 26 
289 23 
428 23 
558 23 
714 23 
844 23 
203 23 
205 23 
202 26 
205 23 
205 26 
205 26 
205 23 
208 26 
205 23 
205 26 
205 23 
208 26 
205 26 
202 26 
208 26 
205 26 
205 23 
205 26 
205 26 
205 23 
205 26 
205 26 
202 26 
208 26 
208 26 
205 26 
202 26 
208 26 
205 21 
205 26 
205 26 
205 21 
205 26 
205 26 
205 26 
202 26 
208 23 
208 26 
205 26 
202 26 
208 26 
205 26 
205 23 
205 26 
205 26 
205 23 
205 26 
205 26 
202 26 
208 26 
208 26 
205 26 
202 26 
208 26 
205 21 
205 26 
205 26 
205 21 
205 26 
205 26 
205 26 
202 26 
208 26 
205 23 
205 26 
205 23 
208 26 
234 23 
376 23 
506 23 
662 23 
792 23 
208 26 
205 26 
208 26 
205 23 
205 26 
203 26 
205 26 
205 26 
208 26 
205 26 
205 23 
205 26 
205 26 
205 23 
208 26 
205 26 
205 23 
205 26 
208 26 
205 26 
205 26 
208 26 
205 26 
205 23 
205 26 
205 26 
205 23 
205 26 
205 21 
205 26 
208 26 
202 26 
205 23 
205 26 
208 26 
205 26 
205 26 
208 26 
205 26 
205 23 
208 26 
205 26 
205 23 
205 26 
208 26 
205 26 
205 26 
208 26 
205 26 
205 23 
205 26 
205 26 
205 23 
205 26 
205 21 
205 26 
208 26 
202 26 
205 23 
205 26 
208 26 
205 26 
205 26 
208 26 
205 26 
205 23 
208 26 
179 23 
298 23 
454 23 
584 23 
740 23 
855 26 
704 24 
0 0 
0 0 
785 258 
832 41 
217 30 
205 24 
205 21 
205 32 
205 24 
465 26 
0 0 
0 0 
205 26 
205 26 
202 26 
202 23 
205 26 
208 26 
205 26 
205 26 
205 26 
205 26 
200 26 
208 26 
205 26 
205 26 
202 26 
208 26 
208 26 
205 26 
208 26 
205 26 
205 26 
202 26 
343 832 
205 26 
208 26 
205 26 
200 26 
208 26 
208 26 
205 26 
205 26 
202 26 
208 26 
205 26 
208 26 
205 26 
205 26 
205 26 
203 23 
208 26 
205 26 
202 26 
205 23 
208 26 
205 26 
208 26 
208 26 
203 26 
202 26 
205 23 
208 26 
205 26 
200 26 
208 26 
283 26 
393 26 
529 26 
662 26 
815 26 
205 26 
205 26 
202 26 
205 26 
205 26 
202 26 
205 26 
205 26 
202 26 
203 23 
202 26 
208 26 
205 26 
205 26 
208 26 
205 26 
200 26 
208 26 
205 26 
205 26 
202 26 
208 26 
205 26 
205 26 
202 26 
208 26 
205 26 
208 26 
205 26 
205 26 
202 26 
208 26 
205 26 
202 26 
202 26 
208 26 
213 26 
202 26 
202 26 
208 26 
205 26 
203 26 
205 26 
205 26 
205 26 
208 26 
205 26 
202 26 
205 23 
208 26 
202 26 
208 26 
205 26 
205 26 
205 26 
208 26 
203 26 
202 26 
552 29 
205 26 
202 26 
208 26 
205 26 
205 26 
205 26 
205 26 
202 26 
199 26 
321 26 
477 26 
607 26 
737 26 
893 23 
205 26 
202 26 
208 26 
205 26 
208 26 
205 26 
205 26 
205 26 
208 26 
203 26 
202 26 
205 23 
208 26 
205 26 
200 26 
208 23 
203 26 
205 26 
205 26 
208 26 
205 26 
200 26 
208 26 
208 26 
205 26 
205 26 
202 26 
208 26 
205 26 
208 26 
205 26 
205 26 
203 26 
205 26 
205 26 
208 26 
205 26 
200 26 
208 26 
205 26 
205 26 
202 26 
208 26 
205 26 
205 26 
208 26 
205 26 
200 26 
572 26 
205 26 
202 26 
202 26 
208 26 
205 26 
202 26 
202 26 
208 26 
205 26 
208 26 
205 26 
205 26 
202 26 
203 26 
205 26 
205 26 
202 26 
208 26 
277 26 
399 26 
558 26 
685 26 
815 26 
203 23 
208 26 
203 26 
202 26 
205 23 
208 26 
205 26 
200 26 
734 26 
203 23 
208 26 
205 26 
208 26 
205 26 
205 26 
202 26 
208 26 
208 26 
205 26 
202 26 
205 23 
208 26 
205 26 
208 26 
205 26 
205 26 
205 26 
205 26 
205 26 
203 26 
205 26 
202 26 
202 26 
200 23 
202 26 
208 26 
208 26 
205 26 
202 26 
203 23 
219 49 
202 26 
203 23 
208 26 
205 26 
202 26 
205 23 
208 26 
205 26 
208 26 
205 26 
205 26 
205 26 
208 26 
203 26 
202 23 
208 26 
202 26 
202 26 
203 23 
202 26 
208 26 
205 26 
202 26 
208 26 
205 26 
200 26 
214 26 
350 26 
477 26 
633 26 
766 26 
200 23 
202 26 
208 26 
205 26 
205 26 
208 26 
205 26 
200 26 
205 26 
205 26 
205 26 
202 26 
208 26 
205 26 
205 26 
202 26 
205 26 
205 26 
208 26 
205 26 
205 26 
202 26 
208 26 
205 26 
205 26 
202 26 
208 26 
205 26 
208 26 
205 26 
205 26 
202 26 
208 26 
205 26 
205 26 
205 26 
208 26 
205 26 
202 26 
205 23 
208 26 
205 26 
208 26 
208 26 
203 26 
202 26 
205 23 
208 26 
205 26 
200 26 
208 26 
208 26 
205 26 
205 26 
202 26 
208 26 
205 26 
208 26 
205 26 
205 26 
205 26 
203 23 
208 26 
205 26 
202 26 
205 23 
208 26 
205 26 
303 26 
425 26 
558 26 
711 26 
841 26 
205 26 
205 26 
205 26 
208 26 
205 26 
200 26 
208 26 
205 26 
205 26 
205 26 
203 26 
202 26 
205 23 
208 26 
205 26 
200 26 
208 26 
205 26 
202 26 
202 26 
208 26 
205 26 
205 26 
208 26 
205 26 
200 26 
205 26 
205 26 
205 26 
202 26 
208 26 
205 26 
205 26 
202 26 
208 26 
200 26 
208 26 
205 26 
205 26 
202 26 
208 26 
205 26 
205 26 
202 26 
205 26 
205 26 
208 26 
205 26 
205 26 
202 26 
208 26 
205 26 
205 26 
205 26 
208 23 
205 26 
202 26 
203 23 
202 26 
208 26 
205 26 
205 26 
205 26 
205 26 
200 26 
208 26 
205 26 
214 26 
373 26 
503 26 
662 26 
789 26 
200 23 
205 26 
202 26 
208 26 
205 26 
200 26 
208 26 
205 26 
205 26 
202 26 
208 26 
205 26 
205 26 
202 26 
208 26 
205 26 
208 26 
208 26 
205 26 
205 26 
205 26 
208 26 
205 26 
202 26 
205 23 
208 26 
202 26 
472 21 
0 0 
205 35 
178 21 
229 24 
256 176 
27 179 
21 229 
35 173 
35 202 
211 24 
170 30 
425 27 
187 30 
205 32 
178 21 
211 32 
208 24 
277 21 
170 21 
256 32 
178 24 
178 21 
202 21 
226 24 
208 21 
214 24 
205 32 
205 32 
185 24 
211 24 
205 27 
217 21 
190 32 
181 21 
410 21 
205 24 
211 24 
167 32 
556 32 
193 24 
312 35 
208 21 
580 35 
731 21 
862 35 
463 26 
0 0 
205 26 
203 26 
470 32 
0 0 
0 0 
205 35 
178 24 
196 21 
205 21 
170 21 
211 21 
205 21 
187 44 
217 24 
184 193 
229 196 
21 252 
24 187 
190 24 
220 193 
29 214 
0 0 
23 179 
199 182 
29 214 
26 179 
176 21 
0 0 
176 24 
606 21 
234 27 
217 41 
208 24 
211 24 
187 32 
170 24 
167 32 
211 21 
205 24 
205 32 
205 32 
170 27 
211 35 
211 21 
184 35 
285 24 
202 32 
185 24 
176 21 
217 21 
178 21 
208 35 
214 24 
208 24 
205 21 
205 24 
196 35 
457 27 
214 21 
223 35 
558 23 
0 0 
0 0 
203 26 
208 26 
470 21 
0 0 
0 0 
666 32 
814 24 
214 35 
178 24 
178 21 
208 24 
170 32 
208 21 
205 24 
205 32 
211 35 
208 35 
205 24 
205 24 
205 21 
465 26 
0 0 
205 26 
205 26 
205 26 
208 26 
205 26 
205 26 
202 26 
208 26 
200 26 
208 26 
