181 24 
134 21 
187 21 
291 38 
338 21 
164 24 
164 21 
211 24 
2273 24 
181 21 
187 41 
259 41 
211 21 
164 21 
181 24 
181 24 
202 41 
208 21 
318 21 
184 24 
199 21 
202 41 
294 41 
499 38 
211 24 
199 21 
181 24 
291 24 
196 21 
208 38 
181 41 
164 21 
181 24 
164 24 
309 24 
184 21 
205 24 
381 33 
211 24 
211 24 
181 21 
184 21 
264 21 
868 38 
164 21 
164 24 
4894 41 
318 38 
570 24 
208 41 
170 21 
181 24 
265 24 
181 24 
181 21 
184 38 
205 21 
202 24 
348 41 
184 21 
184 21 
214 41 
237 24 
231 24 
190 24 
235 38 
193 24 
273 21 
193 41 
167 21 
161 38 
181 24 
181 24 
181 21 
187 38 
238 21 
1037 208 
250 21 
164 24 
184 21 
178 21 
181 41 
199 21 
205 24 
407 21 
181 21 
181 21 
178 21 
231 24 
235 24 
164 24 
214 24 
208 38 
190 41 
181 38 
161 38 
253 21 
164 24 
187 24 
181 21 
181 24 
234 24 
167 21 
211 24 
692 27 
0 0 
0 0 
0 0 
0 0 
0 0 
0 0 
208 41 
179 208 
223 24 
187 24 
699 21 
193 27 
184 30 
217 24 
184 24 
181 21 
231 24 
1789 255 
205 21 
978 24 
199 21 
223 24 
190 41 
636 24 
164 21 
181 24 
205 21 
208 38 
244 24 
187 41 
164 21 
728 21 
0 0 
208 32 
182 21 
229 995 
167 32 
262 589 
178 21 
178 24 
178 32 
226 24 
167 32 
178 24 
455 21 
214 35 
184 21 
178 35 
167 24 
170 32 
211 21 
181 21 
175 24 
181 32 
178 32 
167 35 
170 21 
181 24 
211 35 
181 24 
211 24 
167 32 
208 21 
802 24 
184 24 
178 21 
217 24 
167 35 
164 32 
208 24 
196 24 
208 32 
1744 21 
178 32 
211 24 
199 21 
217 21 
859 32 
178 24 
205 21 
164 24 
416 24 
208 24 
181 24 
214 24 
178 24 
190 32 
193 32 
452 21 
306 21 
220 24 
888 24 
178 24 
179 21 
167 24 
167 21 
167 21 
223 32 
249 24 
217 24 
167 35 
188 21 
175 21 
371 675 
178 24 
178 21 
202 24 
167 32 
178 21 
987 300 
217 32 
181 21 
211 21 
256 21 
167 32 
175 24 
178 24 
181 24 
196 32 
244 24 
170 35 
178 21 
306 178 
35 235 
24 184 
21 220 
21 178 
21 1346 
36 59 
333 238 
321 1950 
184 30 
253 24 
187 362 
181 30 
184 190 
27 193 
27 217 
30 193 
24 202 
176 21 
178 21 
178 21 
187 21 
178 24 
181 32 
211 24 
716 1367 
178 21 
178 21 
178 24 
190 32 
164 24 
256 35 
181 21 
178 21 
615 386 
178 32 
211 24 
633 24 
167 21 
175 24 
279 21 
178 24 
178 24 
265 32 
164 32 
202 24 
178 24 
208 32 
178 35 
178 32 
167 35 
178 24 
181 24 
205 24 
347 24 
181 32 
170 32 
164 32 
529 24 
202 24 
184 24 
279 21 
208 24 
529 24 
170 21 
205 24 
178 21 
175 21 
164 32 
208 21 
167 24 
178 24 
190 21 
181 24 
193 32 
178 32 
211 24 
167 21 
178 24 
178 24 
178 24 
318 21 
167 32 
253 32 
190 24 
178 24 
211 35 
264 24 
211 24 
167 24 
181 21 
178 21 
178 21 
181 24 
178 24 
205 21 
170 21 
214 21 
175 24 
220 32 
181 32 
170 35 
202 21 
214 21 
250 24 
184 24 
249 21 
778 21 
205 21 
208 24 
167 21 
229 24 
178 24 
249 993 
178 32 
205 24 
187 24 
184 21 
178 21 
220 21 
187 32 
190 24 
196 21 
214 24 
175 21 
202 32 
202 32 
164 32 
167 32 
178 24 
178 21 
178 24 
181 21 
167 35 
167 32 
164 32 
208 21 
178 24 
1334 24 
205 24 
208 21 
164 24 
202 24 
202 24 
208 35 
327 21 
167 32 
208 21 
170 24 
294 24 
184 24 
178 24 
208 21 
181 32 
164 32 
181 24 
178 21 
205 35 
178 24 
181 32 
208 24 
167 35 
184 24 
178 21 
270 351 
178 35 
199 32 
205 24 
205 24 
181 24 
190 24 
178 21 
196 32 
164 32 
167 21 
211 24 
208 32 
178 21 
178 24 
181 21 
452 35 
190 24 
167 21 
205 24 
202 32 
832 21 
164 32 
167 32 
181 24 
178 21 
205 32 
238 32 
170 35 
194 21 
190 24 
175 24 
220 21 
205 32 
164 32 
211 24 
170 24 
253 24 
178 24 
205 24 
240 24 
191 21 
191 21 
175 21 
202 24 
202 21 
630 21 
178 24 
205 24 
208 24 
178 32 
178 21 
193 21 
181 32 
425 24 
167 24 
164 24 
202 24 
175 21 
184 24 
208 24 
205 24 
167 24 
624 24 
351 81 
181 24 
178 21 
190 32 
690 24 
214 21 
181 24 
178 24 
196 32 
178 32 
170 21 
167 24 
178 24 
178 24 
181 24 
202 32 
167 21 
182 24 
170 21 
181 24 
487 30 
214 21 
178 32 
202 24 
211 24 
202 21 
178 24 
202 32 
178 24 
178 21 
202 24 
167 24 
205 24 
175 24 
211 21 
181 32 
202 21 
164 32 
178 24 
208 24 
178 24 
181 24 
164 32 
205 24 
178 21 
229 306 
181 24 
220 24 
205 21 
202 21 
167 21 
202 24 
178 21 
288 24 
178 32 
178 32 
167 24 
271 1076 
181 24 
264 24 
178 157 
1141 205 
167 24 
167 21 
170 21 
178 24 
178 21 
202 24 
167 35 
170 35 
205 24 
202 21 
202 21 
181 21 
178 24 
253 35 
205 24 
208 24 
175 24 
651 1177 
448 24 
710 21 
217 276 
24 190 
24 237 
217 173 
181 32 
184 30 
181 27 
175 27 
214 30 
178 190 
35 193 
208 193 
24 184 
24 184 
793 30 
187 196 
24 187 
35 202 
27 276 
24 178 
21 211 
21 211 
24 205 
32 208 
32 178 
35 190 
21 238 
24 208 
21 523 
24 164 
32 170 
35 196 
24 211 
24 181 
24 208 
21 167 
24 226 
21 300 
32 181 
24 181 
24 181 
24 214 
24 181 
35 187 
21 178 
21 178 
24 187 
24 178 
30 214 
35 193 
176 27 
193 24 
187 41 
229 39 
173 27 
181 187 
24 1949 
24 208 
185 27 
312 35 
187 38 
182 24 
217 30 
220 24 
208 196 
24 173 
56 190 
184 419 
21 176 
0 0 
23 205 
35 208 
23 202 
354 194 
0 0 
21 167 
32 205 
35 181 
21 181 
24 214 
24 249 
24 365 
32 645 
32 178 
21 300 
21 181 
21 232 
24 214 
32 871 
35 214 
21 187 
24 466 
21 273 
21 178 
21 167 
32 247 
32 205 
24 205 
21 211 
21 181 
21 181 
32 164 
35 265 
24 300 
24 208 
21 202 
24 205 
21 167 
35 229 
21 178 
21 178 
24 181 
24 282 
21 205 
32 164 
35 205 
24 205 
21 208 
21 303 
21 184 
21 755 
32 187 
24 178 
21 318 
21 202 
24 232 
24 205 
24 167 
35 205 
21 205 
24 205 
21 591 
24 205 
21 170 
21 969 
35 208 
21 199 
21 208 
21 178 
21 170 
24 454 
35 167 
24 178 
24 181 
21 202 
24 202 
24 595 
32 167 
35 178 
24 205 
21 202 
24 279 
21 202 
24 208 
32 205 
35 205 
24 205 
21 205 
21 178 
21 769 
35 164 
35 170 
24 178 
21 324 
24 448 
24 181 
35 719 
35 859 
21 178 
21 205 
21 205 
21 222 
24 170 
21 262 
32 178 
24 205 
21 202 
24 202 
24 194 
24 170 
32 178 
24 178 
24 205 
21 181 
21 178 
21 217 
35 178 
35 211 
21 205 
21 178 
21 178 
21 194 
21 202 
35 208 
21 205 
21 205 
21 205 
21 202 
24 222 
32 232 
35 184 
21 318 
21 205 
21 225 
21 650 
32 202 
32 202 
21 217 
24 178 
21 181 
24 181 
21 191 
35 850 
21 603 
21 184 
21 178 
24 181 
21 202 
21 167 
32 214 
24 181 
24 205 
21 178 
24 208 
21 164 
24 274 
35 170 
24 205 
21 178 
24 181 
21 246 
21 170 
35 208 
21 178 
24 214 
24 240 
24 193 
21 178 
32 583 
35 205 
21 211 
21 1477 
24 208 
21 205 
35 205 
32 190 
24 178 
24 178 
21 255 
21 175 
24 184 
32 502 
24 205 
21 205 
21 205 
21 178 
21 178 
32 202 
32 202 
24 178 
24 205 
21 205 
21 208 
24 205 
24 205 
35 205 
24 178 
21 214 
21 202 
24 205 
24 194 
35 205 
35 205 
24 205 
21 202 
24 178 
21 191 
35 476 
24 178 
21 205 
21 205 
21 202 
24 205 
24 214 
32 205 
24 205 
21 178 
24 181 
21 202 
24 222 
24 205 
24 199 
21 202 
24 181 
21 205 
21 291 
32 217 
35 1189 
24 178 
24 912 
24 178 
21 188 
24 170 
32 205 
35 211 
21 205 
21 178 
24 178 
21 178 
32 202 
32 167 
24 205 
21 891 
24 205 
21 205 
21 217 
24 205 
24 205 
21 657 
24 205 
24 184 
0 0 
35 235 
32 202 
21 205 
24 205 
21 229 
24 178 
24 214 
35 170 
35 208 
24 208 
21 202 
21 181 
24 211 
24 173 
32 181 
24 291 
24 214 
24 226 
24 202 
24 170 
21 283 
35 241 
21 211 
21 178 
24 362 
24 238 
21 167 
32 205 
21 178 
24 196 
21 178 
21 175 
24 178 
35 238 
24 181 
32 205 
21 484 
24 181 
24 170 
21 202 
35 205 
21 214 
21 205 
21 190 
24 225 
24 205 
35 167 
24 196 
24 181 
21 178 
21 178 
24 205 
24 205 
35 354 
24 446 
24 208 
21 205 
21 170 
21 205 
24 413 
35 538 
21 683 
24 502 
21 202 
24 205 
24 208 
32 202 
24 193 
21 205 
24 208 
21 208 
24 194 
35 758 
32 178 
24 205 
21 202 
24 202 
24 170 
21 167 
32 205 
21 181 
21 178 
24 190 
21 208 
21 205 
24 205 
24 205 
21 178 
24 205 
21 178 
24 208 
21 208 
35 387 
21 205 
21 205 
21 178 
21 237 
21 184 
32 181 
35 190 
24 181 
24 2071 
21 823 
21 205 
35 220 
21 208 
24 205 
21 208 
21 178 
35 553 
0 0 
0 0 
0 0 
0 0 
24 190 
24 211 
24 178 
32 167 
35 193 
24 178 
24 193 
21 187 
21 178 
21 202 
35 167 
24 208 
24 865 
24 193 
21 178 
21 167 
24 237 
32 170 
21 178 
24 208 
21 178 
21 178 
21 167 
32 205 
21 205 
21 205 
21 178 
24 181 
24 184 
24 280 
21 202 
21 208 
24 184 
24 181 
21 202 
24 185 
35 205 
35 181 
24 181 
21 181 
24 208 
21 202 
35 205 
32 241 
21 253 
24 178 
21 205 
21 205 
21 205 
32 214 
35 178 
24 208 
21 205 
21 181 
21 178 
32 170 
35 205 
35 288 
21 181 
21 205 
21 205 
21 202 
35 167 
35 205 
24 205 
21 205 
21 202 
24 208 
21 188 
32 205 
35 1640 
21 205 
24 205 
24 205 
24 194 
35 205 
35 211 
21 220 
24 205 
24 208 
21 202 
35 167 
35 241 
35 178 
24 205 
21 790 
24 211 
21 205 
32 164 
35 300 
24 431 
24 576 
24 205 
24 276 
21 202 
35 211 
21 205 
21 178 
24 205 
21 202 
24 208 
32 205 
35 205 
21 202 
24 205 
21 1031 
24 205 
35 713 
35 205 
24 178 
24 496 
21 205 
21 214 
21 205 
24 205 
24 205 
21 208 
21 178 
24 205 
21 211 
21 202 
35 205 
21 178 
24 208 
21 205 
21 225 
24 205 
35 205 
32 202 
24 205 
21 205 
21 202 
24 208 
21 375 
32 167 
24 214 
24 205 
24 208 
24 202 
24 205 
35 170 
35 205 
24 205 
21 606 
24 208 
21 205 
21 202 
35 205 
21 205 
21 205 
21 205 
21 214 
24 205 
35 208 
35 205 
21 202 
24 208 
24 181 
21 181 
32 202 
32 880 
35 229 
21 413 
24 511 
21 659 
24 170 
35 915 
21 211 
21 178 
24 205 
21 202 
24 208 
21 211 
35 205 
21 205 
21 205 
21 255 
21 237 
24 202 
21 202 
24 193 
21 202 
21 205 
21 214 
21 202 
35 167 
35 211 
35 294 
21 205 
24 208 
21 202 
24 205 
35 208 
35 205 
21 202 
24 208 
24 208 
21 202 
35 541 
21 217 
21 205 
21 232 
24 208 
21 178 
21 202 
32 167 
35 205 
24 205 
21 205 
21 202 
24 208 
21 202 
35 208 
21 205 
21 205 
21 205 
24 318 
24 309 
24 271 
32 422 
24 187 
24 178 
21 205 
24 223 
21 167 
32 181 
35 178 
24 205 
21 181 
24 181 
21 202 
35 764 
21 615 
21 250 
24 321 
21 445 
24 597 
24 731 
35 859 
21 823 
21 205 
21 208 
21 205 
24 178 
35 208 
35 205 
21 190 
21 214 
21 181 
21 202 
24 167 
35 1275 
24 306 
21 205 
24 190 
24 178 
21 191 
35 220 
32 291 
24 178 
24 178 
21 208 
21 167 
24 214 
32 170 
21 386 
21 178 
21 226 
24 211 
24 574 
35 205 
32 167 
24 178 
24 178 
24 187 
24 291 
21 170 
32 770 
24 178 
21 217 
21 226 
24 205 
21 170 
35 178 
35 440 
24 261 
24 181 
21 173 
21 170 
21 214 
41 178 
190 173 
24 814 
21 624 
27 232 
32 446 
35 214 
24 187 
181 30 
199 24 
208 30 
187 27 
852 27 
779 267 
167 27 
205 24 
205 41 
193 32 
181 30 
265 30 
244 41 
205 27 
324 220 
297 24 
184 190 
184 190 
232 32 
303 27 
187 211 
24 184 
187 202 
261 38 
181 21 
226 24 
238 282 
241 27 
190 24 
253 228 
41 282 
21 651 
306 24 
829 24 
173 24 
190 38 
371 24 
258 24 
196 35 
217 21 
167 35 
205 21 
205 21 
205 35 
267 1866 
300 24 
202 24 
856 21 
175 21 
202 32 
202 35 
167 35 
170 35 
1284 41 
196 21 
178 24 
202 35 
184 24 
217 21 
167 35 
779 24 
181 24 
249 24 
178 21 
250 24 
173 24 
170 24 
164 21 
175 21 
220 35 
258 24 
208 21 
167 35 
205 24 
199 21 
2760 21 
202 35 
234 21 
175 21 
217 21 
175 24 
175 21 
600 24 
790 21 
847 21 
179 24 
164 21 
175 21 
175 24 
184 24 
178 24 
173 24 
164 24 
181 21 
208 21 
176 24 
274 35 
217 21 
164 24 
226 24 
268 21 
502 21 
178 21 
194 24 
214 21 
164 24 
184 24 
220 32 
178 21 
656 449 
178 35 
669 35 
205 21 
214 32 
217 35 
240 24 
211 21 
202 24 
173 21 
175 21 
178 21 
202 35 
181 24 
205 21 
208 21 
205 21 
211 21 
850 35 
178 24 
193 35 
167 35 
167 24 
205 21 
178 21 
707 24 
211 24 
202 24 
229 21 
167 21 
297 21 
178 21 
231 21 
178 24 
164 24 
164 24 
167 24 
728 32 
190 35 
178 21 
173 21 
167 24 
170 21 
167 24 
181 24 
193 32 
193 21 
488 24 
170 24 
170 24 
178 21 
175 24 
297 24 
178 35 
185 24 
184 24 
175 21 
175 21 
187 32 
185 24 
190 24 
167 24 
211 21 
178 24 
208 21 
262 32 
178 32 
170 24 
170 24 
202 21 
267 21 
181 24 
265 35 
164 24 
205 21 
205 21 
805 21 
205 35 
175 21 
167 35 
182 21 
184 21 
244 24 
244 24 
814 35 
178 24 
164 24 
229 21 
178 24 
309 21 
508 35 
178 32 
681 32 
167 35 
181 21 
178 24 
175 21 
178 24 
178 24 
247 24 
182 21 
175 21 
214 35 
184 24 
300 35 
188 21 
164 21 
175 21 
211 160 
175 21 
190 383 
603 32 
173 21 
193 24 
175 24 
205 21 
362 24 
502 35 
915 35 
167 21 
190 24 
181 21 
184 21 
193 32 
181 32 
170 24 
167 35 
285 24 
746 32 
214 35 
178 32 
167 21 
199 35 
178 21 
187 21 
178 21 
175 24 
208 24 
244 35 
164 24 
187 21 
190 21 
214 35 
338 24 
175 35 
164 24 
167 24 
339 191 
175 21 
181 32 
170 35 
253 21 
202 21 
167 21 
267 24 
178 24 
184 35 
196 21 
167 21 
199 35 
208 24 
178 24 
175 21 
178 32 
167 24 
170 21 
175 21 
327 32 
187 32 
226 21 
289 24 
214 21 
636 21 
241 21 
196 32 
178 21 
170 35 
211 21 
176 24 
184 21 
184 21 
205 35 
288 24 
178 21 
318 342 
252 21 
348 21 
193 35 
178 24 
214 24 
167 35 
167 35 
178 24 
220 32 
214 35 
175 24 
262 35 
176 21 
354 35 
208 24 
164 24 
199 21 
1292 21 
191 21 
1180 24 
164 24 
187 24 
178 24 
175 35 
161 35 
190 24 
164 24 
175 21 
181 24 
187 35 
173 21 
167 24 
190 21 
187 24 
175 21 
202 35 
164 35 
226 24 
788 35 
205 21 
175 21 
850 35 
238 21 
627 21 
211 21 
175 21 
164 21 
178 21 
187 32 
252 24 
205 24 
190 24 
874 24 
184 21 
211 32 
273 32 
164 35 
270 21 
167 21 
178 21 
508 410 
178 21 
167 32 
205 24 
196 24 
178 21 
164 24 
170 24 
164 21 
178 21 
190 24 
164 24 
205 35 
297 21 
178 21 
178 24 
167 35 
782 24 
170 21 
178 21 
178 21 
175 24 
167 35 
202 21 
217 21 
475 21 
175 24 
205 21 
178 21 
175 35 
214 89 
202 21 
164 21 
178 24 
178 21 
265 32 
173 21 
214 21 
178 24 
205 24 
315 21 
175 24 
202 24 
205 35 
202 24 
202 35 
202 24 
214 35 
1652 21 
208 24 
303 35 
167 21 
674 21 
826 35 
225 21 
164 24 
205 35 
167 21 
187 21 
244 24 
517 21 
202 24 
164 24 
178 24 
175 35 
178 21 
187 24 
181 32 
164 24 
214 21 
161 35 
208 24 
178 21 
570 21 
208 24 
791 24 
199 35 
178 24 
214 35 
178 21 
223 21 
175 35 
167 35 
202 21 
175 21 
202 32 
820 21 
681 35 
306 24 
167 24 
407 24 
202 32 
312 35 
175 21 
850 21 
455 32 
175 21 
184 21 
178 21 
178 21 
178 24 
181 24 
193 181 
217 35 
178 190 
249 184 
24 184 
21 517 
181 24 
187 27 
211 27 
264 21 
176 27 
164 24 
315 220 
211 193 
24 187 
297 24 
175 24 
2276 35 
916 24 
898 24 
202 21 
178 24 
223 24 
211 35 
175 24 
170 24 
170 24 
170 24 
178 21 
178 24 
187 21 
167 24 
205 21 
202 21 
205 21 
188 24 
202 35 
181 21 
205 21 
1317 24 
175 21 
175 24 
315 32 
178 24 
167 21 
547 24 
202 24 
208 24 
175 21 
211 21 
181 24 
161 35 
214 24 
167 24 
178 21 
202 32 
202 32 
1955 24 
253 35 
175 21 
184 21 
175 21 
178 32 
178 24 
892 21 
214 21 
164 24 
202 21 
202 21 
779 35 
211 24 
380 24 
170 24 
164 24 
175 21 
211 21 
161 35 
176 24 
246 24 
211 21 
178 21 
175 24 
178 32 
170 21 
167 24 
164 24 
178 21 
175 21 
202 24 
202 24 
191 21 
167 35 
202 21 
202 32 
826 35 
202 35 
205 21 
202 24 
202 21 
202 21 
178 21 
202 24 
202 24 
194 24 
202 21 
178 24 
214 38 
0 0 
0 0 
247 179 
184 181 
170 24 
205 27 
208 24 
876 21 
202 21 
167 21 
202 21 
202 21 
202 24 
202 24 
202 24 
190 35 
719 21 
877 35 
184 21 
175 21 
499 24 
164 35 
431 21 
193 24 
366 24 
487 654 
178 21 
760 24 
880 32 
202 21 
202 21 
202 21 
202 32 
202 35 
202 21 
202 21 
202 24 
202 21 
205 24 
202 24 
202 24 
175 35 
191 24 
202 21 
175 21 
175 24 
178 21 
194 24 
202 21 
202 21 
202 21 
205 21 
205 35 
202 24 
202 24 
194 24 
202 21 
202 24 
202 35 
205 35 
205 21 
202 24 
202 21 
202 21 
202 24 
202 24 
202 24 
202 24 
609 181 
21 5102 
24 181 
24 211 
32 211 
35 208 
214 35 
202 24 
202 21 
202 21 
205 35 
202 21 
202 24 
164 24 
202 21 
202 24 
202 35 
205 35 
202 21 
208 38 
208 24 
205 38 
294 35 
205 35 
202 21 
457 24 
205 24 
202 21 
214 21 
190 21 
555 21 
701 35 
838 21 
202 21 
202 24 
202 24 
202 32 
194 24 
202 24 
202 21 
202 21 
202 24 
202 24 
205 21 
202 21 
202 24 
205 21 
202 24 
202 24 
202 32 
194 24 
202 24 
449 698 
202 24 
202 24 
202 32 
205 32 
205 32 
202 21 
205 24 
202 21 
205 21 
205 35 
202 21 
194 24 
202 24 
202 21 
205 24 
339 21 
202 21 
202 21 
202 24 
202 24 
202 24 
202 24 
202 32 
194 24 
205 24 
202 21 
205 24 
205 24 
175 38 
184 214 
32 175 
21 190 
24 208 
30 529 
178 190 
202 24 
217 21 
181 24 
202 24 
220 24 
202 24 
202 32 
202 32 
191 21 
205 24 
202 21 
202 24 
214 35 
362 21 
487 35 
624 21 
776 35 
877 32 
202 24 
202 32 
205 35 
205 32 
202 21 
205 24 
202 21 
205 21 
205 35 
202 21 
194 24 
202 24 
202 21 
205 24 
202 21 
205 21 
202 21 
1964 21 
205 24 
205 21 
202 21 
205 35 
202 21 
194 24 
202 24 
321 24 
202 24 
205 35 
178 24 
194 21 
205 24 
202 21 
202 24 
202 21 
205 21 
202 21 
252 24 
202 21 
202 24 
205 24 
205 21 
205 35 
202 21 
194 24 
202 24 
211 24 
175 21 
205 21 
202 21 
202 21 
194 24 
431 24 
202 24 
205 21 
205 35 
202 21 
194 24 
202 24 
205 24 
202 24 
205 35 
205 32 
164 21 
202 24 
716 21 
538 383 
205 35 
303 35 
445 21 
562 35 
731 21 
856 35 
202 24 
205 32 
205 21 
202 21 
202 24 
202 21 
205 24 
205 35 
202 32 
191 21 
205 24 
202 21 
202 24 
202 21 
205 21 
202 21 
202 21 
202 21 
205 24 
348 32 
202 21 
193 190 
202 21 
202 24 
202 24 
205 21 
202 21 
205 35 
202 21 
194 24 
202 24 
202 21 
181 24 
205 21 
202 21 
202 21 
202 21 
202 24 
205 24 
621 24 
205 35 
202 21 
194 24 
202 24 
202 21 
205 24 
906 21 
202 21 
202 21 
202 24 
202 21 
205 24 
178 21 
202 32 
205 32 
202 24 
202 21 
205 24 
250 850 
205 21 
202 21 
258 24 
202 21 
205 24 
202 24 
205 21 
178 24 
234 21 
380 35 
517 21 
642 35 
814 21 
205 21 
202 21 
202 21 
202 21 
782 32 
202 24 
202 24 
202 32 
205 35 
205 24 
202 21 
205 24 
220 32 
202 21 
202 32 
202 21 
202 24 
202 24 
202 21 
205 21 
205 35 
202 21 
194 24 
202 24 
253 35 
199 24 
202 32 
205 35 
205 32 
202 21 
205 21 
205 24 
205 24 
202 32 
205 35 
205 24 
202 21 
205 24 
205 24 
306 24 
234 24 
202 21 
202 24 
202 21 
205 24 
202 24 
202 32 
194 24 
205 24 
202 21 
205 24 
205 24 
205 21 
205 35 
202 21 
194 24 
202 24 
205 24 
205 24 
205 35 
202 32 
202 21 
205 24 
202 21 
229 21 
205 35 
202 32 
191 21 
315 21 
455 35 
600 21 
725 35 
873 21 
205 35 
202 24 
202 21 
696 283 
202 24 
202 32 
300 32 
202 21 
191 21 
205 24 
205 24 
205 21 
202 24 
179 187 
178 32 
167 214 
208 21 
181 24 
303 184 
220 35 
191 24 
220 24 
208 24 
178 32 
178 27 
208 24 
181 24 
202 24 
167 27 
178 21 
187 190 
178 181 
208 211 
30 211 
30 208 
27 202 
205 41 
464 30 
208 27 
208 27 
847 1144 
27 211 
30 173 
30 173 
41 211 
30 184 
48 217 
187 38 
208 27 
187 38 
202 27 
170 30 
428 1340 
27 214 
30 211 
38 208 
41 211 
63 214 
27 211 
24 214 
24 181 
24 211 
24 541 
24 170 
24 552 
220 211 
217 33 
214 173 
178 187 
686 24 
217 24 
817 32 
202 21 
202 21 
202 24 
205 21 
202 24 
205 24 
202 24 
202 24 
191 21 
202 24 
202 21 
199 24 
205 21 
202 24 
202 21 
202 21 
202 21 
202 32 
202 35 
202 35 
167 35 
167 35 
205 21 
205 21 
175 24 
205 21 
190 35 
167 35 
167 24 
226 32 
178 21 
178 24 
178 32 
164 35 
167 35 
187 21 
202 21 
211 32 
202 35 
205 181 
24 170 
24 981 
181 24 
223 24 
0 0 
173 24 
226 38 
446 48 
184 24 
181 38 
335 27 
176 24 
193 24 
493 363 
223 24 
184 24 
190 184 
21 176 
176 205 
283 223 
193 193 
184 38 
288 27 
167 24 
176 30 
701 24 
253 187 
27 208 
178 21 
184 30 
178 35 
734 30 
208 30 
193 214 
24 167 
24 214 
35 187 
196 24 
722 44 
0 0 
0 0 
0 0 
0 0 
0 0 
0 0 
0 0 
0 0 
0 0 
0 0 
0 0 
0 0 
0 0 
0 0 
0 0 
0 0 
0 0 
0 0 
0 0 
0 0 
0 0 
0 0 
0 0 
0 0 
0 0 
0 0 
0 0 
0 0 
0 0 
0 0 
0 0 
0 0 
0 0 
0 0 
0 0 
0 0 
0 0 
0 0 
0 0 
0 0 
0 0 
0 0 
0 0 
0 0 
0 0 
0 0 
0 0 
0 0 
0 0 
0 0 
0 0 
0 0 
0 0 
0 0 
0 0 
0 0 
0 0 
0 0 
0 0 
0 0 
0 0 
0 0 
0 0 
0 0 
0 0 
0 0 
0 0 
0 0 
0 0 
0 0 
0 0 
0 0 
0 0 
0 0 
0 0 
0 0 
0 0 
0 0 
0 0 
0 0 
0 0 
0 0 
0 0 
0 0 
0 0 
0 0 
0 0 
0 0 
0 0 
0 0 
0 0 
0 0 
0 0 
0 0 
0 0 
0 0 
0 0 
0 0 
0 0 
0 0 
0 0 
0 0 
0 0 
0 0 
0 0 
0 0 
0 0 
0 0 
0 0 
0 0 
0 0 
0 0 
0 0 
0 0 
0 0 
0 0 
0 0 
0 0 
0 0 
0 0 
0 0 
0 0 
0 0 
0 0 
0 0 
0 0 
0 0 
0 0 
0 0 
0 0 
0 0 
0 0 
0 0 
0 0 
0 0 
0 0 
0 0 
0 0 
0 0 
187 187 
35 196 
30 193 
24 193 
27 182 
214 41 
187 24 
208 27 
208 27 
184 33 
184 33 
193 202 
21 226 
24 193 
41 229 
24 237 
33 190 
35 208 
27 176 
35 217 
35 217 
35 187 
24 199 
24 211 
21 309 
255 223 
24 214 
24 312 
44 440 
464 176 
30 205 
24 220 
35 190 
41 184 
980 250 
217 27 
184 30 
217 27 
208 24 
214 211 
208 24 
208 30 
190 38 
211 38 
217 30 
211 35 
422 113 
205 21 
167 21 
173 178 
187 190 
196 27 
859 214 
190 178 
24 157 
24 196 
190 187 
27 312 
24 179 
354 21 
167 241 
24 187 
24 395 
214 21 
434 921 
24 187 
35 184 
30 279 
24 178 
24 184 
173 167 
21 181 
983 24 
1607 336 
24 196 
24 187 
24 214 
24 47 
184 24 
190 184 
184 32 
797 21 
547 240 
208 41 
175 30 
264 24 
187 21 
173 27 
232 232 
27 214 
190 249 
181 53 
181 190 
24 173 
214 184 
187 27 
193 193 
21 187 
27 220 
175 21 
211 407 
24 475 
178 170 
24 196 
205 193 
178 181 
205 24 
184 24 
217 485 
208 196 
21 250 
205 24 
2757 541 
179 181 
30 196 
288 384 
288 27 
220 184 
35 208 
321 300 
27 214 
27 199 
27 176 
27 181 
21 680 
38 217 
33 713 
24 232 
220 196 
184 24 
802 24 
181 38 
217 246 
487 30 
309 220 
30 199 
38 187 
38 193 
30 746 
33 205 
38 217 
30 220 
514 38 
187 41 
231 24 
190 35 
208 27 
226 30 
362 30 
217 47 
208 33 
193 27 
419 56 
214 38 
187 196 
27 217 
41 196 
27 228 
41 196 
30 214 
27 220 
27 208 
30 217 
24 187 
214 38 
214 27 
173 30 
214 41 
193 35 
214 30 
211 27 
211 30 
214 30 
223 41 
217 30 
208 41 
298 24 
184 24 
217 44 
217 41 
208 27 
211 38 
214 33 
202 24 
0 0 
0 0 
0 0 
0 0 
0 0 
211 24 
173 27 
196 202 
220 196 
24 238 
214 193 
24 455 
24 187 
27 184 
30 199 
30 176 
27 214 
27 176 
27 176 
217 33 
193 190 
279 27 
455 30 
187 27 
918 35 
173 176 
27 220 
24 176 
47 306 
217 30 
564 27 
710 41 
805 30 
208 27 
190 30 
214 38 
460 265 
199 33 
229 41 
208 27 
223 184 
27 170 
24 231 
208 35 
181 38 
190 193 
30 178 
24 181 
211 179 
199 181 
24 170 
24 208 
27 223 
24 184 
30 184 
24 178 
41 241 
217 24 
247 27 
214 184 
41 214 
27 184 
24 984 
27 164 
24 228 
24 178 
27 214 
24 393 
27 217 
24 167 
41 214 
24 202 
176 170 
220 196 
24 167 
24 205 
27 193 
199 190 
30 716 
330 24 
175 27 
181 232 
237 33 
211 35 
176 24 
185 235 
30 228 
24 179 
27 220 
24 2065 
41 190 
27 220 
27 184 
38 211 
27 375 
41 217 
181 190 
27 246 
24 850 
217 62 
24 220 
21 173 
38 764 
38 223 
35 187 
24 211 
24 217 
187 238 
32 187 
208 27 
291 185 
21 190 
170 190 
205 27 
178 38 
832 41 
222 24 
214 33 
217 30 
223 179 
27 214 
38 187 
65 383 
187 24 
184 30 
223 24 
214 44 
217 41 
223 30 
535 30 
208 27 
208 27 
181 309 
30 217 
38 214 
32 193 
27 208 
35 202 
167 179 
211 211 
187 24 
226 30 
214 30 
202 196 
33 214 
27 214 
27 238 
27 205 
24 173 
24 190 
173 24 
202 27 
202 187 
27 214 
184 27 
184 21 
188 30 
167 170 
24 217 
220 27 
211 184 
21 235 
39 44 
208 41 
226 199 
27 223 
27 220 
30 214 
44 458 
27 220 
24 1494 
27 231 
30 630 
588 21 
187 181 
181 38 
734 30 
211 27 
184 229 
181 36 
178 56 
211 35 
184 32 
187 193 
1227 987 
42 45 
264 24 
178 24 
176 173 
21 190 
33 336 
21 184 
27 238 
35 211 
35 208 
27 217 
27 1120 
27 214 
27 208 
27 214 
24 211 
35 258 
208 30 
184 193 
27 217 
21 228 
24 225 
38 187 
32 184 
33 214 
30 217 
27 187 
24 173 
38 211 
41 184 
30 193 
21 187 
24 178 
21 182 
24 187 
35 214 
24 237 
27 190 
21 410 
24 190 
205 38 
187 182 
249 220 
182 27 
208 27 
214 24 
220 30 
181 184 
246 35 
1014 259 
214 24 
205 24 
321 24 
164 24 
178 24 
178 24 
193 21 
181 35 
167 24 
170 21 
202 24 
178 24 
202 35 
699 24 
173 24 
996 21 
229 333 
181 35 
237 24 
170 35 
173 185 
27 217 
184 190 
35 178 
35 223 
35 202 
24 205 
24 202 
24 205 
21 202 
24 205 
21 277 
32 178 
24 205 
21 205 
24 208 
24 178 
21 205 
35 208 
32 229 
21 181 
21 178 
21 178 
21 214 
32 167 
35 208 
32 205 
21 190 
21 202 
24 487 
24 205 
35 167 
35 214 
21 205 
21 238 
24 205 
24 194 
24 205 
32 205 
21 205 
21 184 
21 226 
24 193 
21 734 
181 190 
407 24 
232 35 
377 21 
205 27 
167 30 
178 21 
202 24 
175 35 
167 35 
202 21 
202 24 
202 35 
229 24 
167 21 
541 30 
761 24 
199 21 
217 32 
392 21 
208 21 
624 24 
208 24 
205 21 
205 24 
202 24 
205 24 
194 24 
167 32 
202 24 
175 21 
205 24 
178 21 
202 24 
202 24 
205 21 
202 21 
175 24 
241 24 
279 21 
173 35 
202 24 
202 21 
202 21 
285 24 
205 32 
164 35 
170 35 
202 24 
205 21 
205 21 
205 32 
202 35 
202 21 
211 21 
202 21 
205 21 
175 24 
202 35 
205 35 
214 21 
202 21 
202 21 
202 24 
389 21 
202 35 
167 35 
205 21 
208 21 
202 24 
205 24 
202 32 
178 35 
202 21 
202 21 
202 24 
223 32 
199 35 
178 21 
178 24 
232 21 
202 21 
1403 523 
440 21 
202 24 
205 24 
188 24 
167 35 
164 21 
704 24 
437 24 
282 35 
439 24 
559 32 
167 35 
178 24 
202 21 
205 35 
202 21 
175 35 
191 21 
630 21 
205 21 
202 21 
175 24 
205 21 
208 21 
167 35 
208 21 
202 21 
205 35 
181 32 
167 35 
182 21 
214 21 
214 35 
250 24 
243 24 
0 0 
0 0 
0 0 
0 0 
0 0 
0 0 
0 0 
0 0 
0 0 
0 0 
0 0 
576 167 
175 21 
372 35 
164 24 
182 24 
211 193 
0 0 
0 0 
0 0 
0 0 
24 234 
27 190 
21 179 
226 27 
0 0 
0 0 
0 0 
0 0 
190 24 
184 21 
282 24 
255 21 
170 24 
0 0 
0 0 
202 24 
294 21 
175 21 
187 32 
205 24 
431 21 
170 21 
175 24 
190 24 
0 0 
0 0 
193 193 
21 205 
24 202 
24 167 
208 268 
33 342 
30 199 
35 190 
24 202 
35 184 
38 208 
32 193 
24 181 
24 205 
21 178 
21 202 
24 222 
24 253 
21 202 
21 205 
21 184 
24 217 
21 167 
21 202 
35 205 
21 205 
24 184 
24 208 
178 178 
35 220 
900 27 
190 35 
187 276 
24 199 
202 44 
202 27 
478 24 
282 35 
194 21 
205 24 
202 21 
175 24 
175 24 
579 92 
202 21 
205 24 
297 21 
217 24 
184 27 
205 27 
568 755 
214 24 
211 205 
205 21 
199 21 
205 24 
202 24 
398 274 
164 24 
202 21 
202 21 
202 32 
202 35 
205 35 
202 21 
202 24 
205 21 
205 24 
208 32 
199 35 
202 21 
312 24 
452 32 
597 24 
722 32 
870 24 
202 35 
202 21 
202 24 
202 21 
205 24 
202 24 
202 24 
175 35 
191 24 
202 21 
202 21 
202 21 
205 35 
202 35 
202 24 
205 21 
202 21 
202 21 
202 32 
202 35 
645 517 
202 21 
202 21 
202 21 
175 21 
205 35 
202 35 
202 24 
205 21 
202 21 
164 21 
202 24 
202 24 
202 24 
517 27 
202 21 
202 21 
202 21 
205 35 
205 21 
202 24 
202 21 
202 21 
202 21 
202 32 
202 35 
259 32 
202 21 
202 21 
728 175 
205 32 
199 35 
202 35 
202 21 
202 24 
205 21 
205 24 
202 24 
202 24 
202 24 
191 21 
202 21 
202 21 
202 21 
205 35 
205 21 
202 24 
238 32 
407 24 
532 32 
680 24 
805 32 
191 21 
2508 21 
202 24 
202 21 
205 24 
205 32 
202 24 
191 21 
202 21 
202 21 
202 21 
202 21 
202 35 
2472 32 
167 35 
202 21 
202 21 
202 21 
205 35 
202 21 
202 24 
202 21 
202 21 
202 21 
796 529 
202 24 
202 24 
2770 35 
202 21 
202 21 
202 21 
520 89 
202 24 
176 35 
202 24 
205 21 
205 24 
202 24 
2148 24 
191 24 
202 21 
202 21 
202 21 
202 21 
205 35 
808 484 
191 21 
202 21 
202 21 
205 21 
202 24 
1364 672 
205 21 
202 21 
202 24 
461 546 
202 21 
205 35 
202 21 
526 24 
202 21 
202 21 
202 21 
202 32 
202 35 
202 21 
202 21 
205 24 
345 32 
178 24 
621 32 
763 24 
880 32 
202 21 
202 21 
202 24 
202 35 
205 35 
202 21 
844 21 
202 24 
202 21 
389 21 
202 24 
202 24 
202 24 
556 21 
202 24 
202 21 
205 24 
202 24 
202 24 
194 24 
202 21 
202 21 
672 217 
205 35 
202 35 
202 21 
202 24 
205 21 
205 24 
202 24 
202 24 
202 24 
205 21 
202 21 
202 21 
202 21 
885 21 
202 24 
194 24 
202 21 
425 24 
202 21 
205 24 
202 24 
202 24 
191 21 
167 35 
202 24 
202 21 
205 35 
202 35 
170 24 
202 21 
202 21 
597 24 
202 24 
202 24 
202 24 
191 21 
202 21 
202 21 
175 24 
202 35 
202 35 
202 21 
202 24 
205 21 
270 24 
401 32 
549 24 
698 32 
835 24 
191 21 
202 24 
205 21 
205 35 
202 35 
202 24 
205 21 
202 21 
202 21 
202 32 
202 35 
202 21 
202 24 
205 21 
202 21 
202 24 
294 24 
205 35 
202 21 
202 24 
205 21 
205 24 
202 24 
202 24 
202 24 
191 21 
202 21 
202 21 
202 21 
205 35 
442 24 
191 24 
202 21 
202 21 
202 21 
321 32 
202 35 
794 35 
205 21 
202 21 
202 21 
202 32 
202 35 
202 35 
223 21 
202 24 
202 21 
205 24 
202 24 
202 24 
202 24 
191 21 
202 21 
202 21 
202 21 
205 35 
205 21 
659 232 
167 21 
202 21 
202 21 
205 24 
202 24 
202 24 
194 24 
202 21 
202 21 
220 32 
359 21 
502 35 
618 24 
256 35 
202 21 
202 21 
202 24 
202 24 
202 24 
191 21 
185 116 
202 21 
202 24 
202 24 
202 24 
202 24 
416 21 
865 35 
202 24 
202 35 
205 35 
202 21 
202 24 
205 21 
1034 21 
202 24 
202 32 
202 24 
202 21 
202 21 
372 35 
431 24 
202 21 
202 35 
202 21 
202 21 
202 21 
202 21 
187 62 
0 0 
0 0 
170 21 
226 41 
1308 24 
921 187 
35 464 
24 280 
21 205 
21 208 
24 205 
21 202 
24 1539 
32 202 
32 202 
21 205 
21 205 
21 1322 
21 205 
21 363 
32 164 
35 205 
24 208 
21 202 
24 202 
24 205 
24 1358 
21 202 
21 205 
21 205 
21 1165 
24 202 
24 202 
35 167 
35 300 
24 431 
21 576 
24 704 
21 838 
24 194 
35 205 
35 202 
24 205 
21 205 
21 178 
21 202 
35 205 
21 205 
24 205 
21 205 
21 202 
24 208 
21 202 
35 253 
24 205 
21 205 
24 208 
21 196 
24 202 
35 280 
32 205 
24 205 
21 202 
24 202 
24 194 
24 205 
35 205 
21 223 
24 205 
21 205 
21 740 
35 205 
32 164 
35 205 
24 817 
24 205 
21 202 
24 202 
35 205 
32 202 
24 205 
21 401 
24 208 
21 1393 
21 205 
32 202 
32 202 
24 205 
21 187 
21 208 
21 202 
35 205 
32 202 
24 205 
21 208 
21 671 
24 208 
21 253 
35 205 
35 208 
24 205 
21 202 
24 205 
21 202 
24 205 
35 167 
24 214 
21 362 
21 511 
21 659 
24 494 
35 205 
21 205 
24 205 
21 205 
21 178 
21 208 
21 202 
35 208 
21 205 
21 178 
24 202 
24 205 
24 283 
21 202 
24 205 
21 205 
24 205 
21 202 
24 514 
24 205 
35 205 
21 205 
24 205 
21 205 
21 202 
24 208 
35 205 
35 205 
21 202 
24 208 
24 208 
21 2478 
21 202 
35 205 
21 205 
24 205 
21 573 
24 208 
21 957 
32 327 
21 205 
24 205 
21 202 
24 202 
24 194 
24 2826 
32 205 
35 205 
21 205 
21 205 
21 205 
21 458 
21 247 
35 205 
21 202 
24 208 
24 469 
24 194 
24 202 
35 315 
24 285 
24 205 
21 205 
21 202 
24 194 
35 205 
35 909 
24 208 
21 312 
21 445 
24 597 
21 731 
35 859 
21 205 
24 178 
21 178 
21 202 
24 194 
35 205 
35 238 
24 205 
21 205 
21 202 
24 211 
21 202 
35 208 
21 178 
21 205 
24 208 
21 202 
24 191 
35 205 
35 205 
21 273 
24 986 
24 202 
24 205 
24 194 
35 205 
35 205 
21 487 
24 205 
21 202 
24 208 
32 205 
35 205 
21 1126 
21 463 
21 205 
21 205 
35 205 
32 550 
21 205 
21 205 
21 202 
24 205 
21 205 
24 205 
24 205 
21 205 
21 431 
21 205 
21 202 
35 205 
32 202 
24 205 
21 208 
21 900 
21 202 
24 434 
35 205 
35 208 
24 205 
21 202 
24 1099 
24 208 
21 202 
35 205 
21 205 
21 205 
21 255 
24 383 
24 517 
24 669 
32 814 
24 205 
21 187 
21 202 
24 594 
24 194 
32 202 
21 205 
21 205 
21 205 
21 208 
21 205 
35 205 
32 202 
21 202 
24 205 
21 202 
24 194 
24 173 
35 205 
21 205 
24 205 
21 202 
24 205 
21 205 
24 205 
24 178 
24 208 
21 202 
24 202 
24 194 
24 205 
35 205 
21 205 
21 205 
21 205 
21 202 
24 205 
35 392 
35 226 
21 205 
21 205 
21 208 
21 184 
32 202 
32 170 
24 205 
21 205 
21 202 
24 205 
21 205 
24 205 
24 707 
24 205 
24 205 
24 208 
21 592 
21 191 
35 514 
32 178 
24 205 
21 202 
24 205 
21 205 
24 205 
24 205 
21 205 
21 178 
24 181 
21 338 
35 455 
32 600 
35 184 
24 906 
24 205 
24 202 
24 205 
35 208 
35 205 
21 1147 
21 205 
21 205 
24 202 
35 205 
32 202 
24 205 
21 217 
21 205 
21 202 
24 202 
35 205 
35 205 
21 202 
24 208 
24 208 
21 202 
35 636 
32 205 
35 205 
21 202 
24 178 
21 205 
21 205 
24 205 
24 205 
21 205 
21 520 
24 205 
21 208 
21 202 
35 208 
21 205 
21 205 
21 226 
21 202 
24 202 
35 401 
35 205 
24 205 
21 202 
24 475 
24 194 
24 205 
32 202 
21 205 
21 205 
21 205 
21 466 
21 205 
32 205 
35 208 
24 205 
21 202 
24 205 
21 1103 
21 202 
35 208 
21 205 
21 205 
21 205 
21 202 
24 460 
21 416 
35 538 
21 683 
24 835 
21 205 
21 202 
24 205 
35 205 
21 205 
24 205 
21 205 
21 202 
24 205 
24 205 
24 205 
21 205 
21 205 
21 202 
24 205 
24 651 
35 205 
24 205 
21 205 
21 493 
24 205 
24 194 
35 704 
35 205 
24 270 
24 205 
21 205 
24 205 
24 194 
35 178 
35 205 
21 202 
24 202 
24 205 
21 205 
24 205 
24 178 
21 205 
24 205 
21 202 
24 208 
21 202 
35 208 
21 205 
21 205 
21 205 
21 600 
24 205 
35 205 
32 202 
24 178 
24 205 
21 202 
24 205 
24 194 
35 205 
35 2921 
24 205 
21 205 
21 335 
24 205 
35 167 
35 205 
24 2906 
24 205 
24 208 
21 202 
35 199 
35 348 
32 493 
21 490 
21 787 
24 909 
21 202 
35 208 
35 279 
24 178 
21 202 
24 202 
24 194 
24 170 
32 205 
21 205 
21 205 
21 205 
21 202 
24 205 
53 36 
0 0 
0 0 
217 190 
24 232 
178 27 
187 181 
173 27 
288 24 
211 24 
535 582 
211 27 
176 27 
181 27 
191 24 
202 21 
205 24 
202 21 
217 190 
0 0 
179 24 
202 24 
194 21 
202 24 
178 21 
205 32 
205 32 
267 21 
202 24 
205 24 
205 24 
404 2015 
205 32 
202 21 
202 21 
202 24 
202 24 
202 24 
178 24 
205 35 
205 32 
345 683 
202 21 
202 24 
202 24 
752 21 
205 32 
202 21 
202 21 
205 24 
205 21 
205 21 
306 35 
445 21 
562 35 
731 21 
856 35 
202 24 
205 32 
205 21 
202 21 
202 24 
205 24 
202 24 
202 32 
404 567 
627 21 
202 24 
202 21 
202 24 
205 21 
205 21 
1081 178 
194 21 
205 24 
202 21 
202 24 
202 24 
205 21 
202 21 
202 24 
627 24 
202 24 
205 35 
202 35 
202 21 
194 21 
205 24 
202 21 
202 24 
175 24 
205 32 
205 21 
202 24 
202 24 
202 24 
205 21 
205 35 
202 21 
194 21 
205 24 
202 21 
202 24 
202 24 
205 21 
472 116 
205 24 
627 24 
205 24 
202 24 
205 32 
205 32 
202 21 
205 24 
202 24 
202 24 
205 35 
202 32 
191 24 
202 24 
202 21 
202 24 
202 24 
205 21 
234 21 
175 32 
505 21 
642 35 
814 21 
205 21 
202 21 
202 21 
202 24 
220 24 
202 24 
202 24 
211 21 
211 24 
178 24 
193 24 
181 24 
181 24 
362 24 
205 32 
178 21 
202 24 
202 21 
493 24 
205 24 
205 32 
205 32 
202 21 
205 24 
178 30 
232 24 
214 30 
259 38 
167 21 
205 24 
767 35 
202 24 
205 21 
205 35 
202 21 
194 21 
205 24 
202 21 
202 24 
202 21 
205 21 
202 21 
202 24 
202 24 
202 419 
202 35 
202 35 
202 21 
194 24 
202 24 
844 559 
205 24 
205 21 
175 24 
202 21 
202 21 
202 24 
205 24 
205 24 
205 35 
202 32 
202 21 
205 24 
170 24 
202 24 
205 35 
202 32 
191 21 
666 190 
449 35 
600 21 
725 35 
178 24 
205 21 
202 21 
202 24 
202 21 
205 24 
205 35 
202 32 
191 21 
205 24 
164 21 
202 24 
336 1135 
205 35 
202 21 
202 21 
506 24 
205 21 
205 24 
205 35 
202 32 
191 21 
202 24 
202 21 
202 24 
202 21 
205 21 
202 21 
202 21 
202 21 
205 24 
202 24 
202 32 
202 32 
191 21 
202 24 
202 21 
202 24 
202 21 
205 21 
909 32 
191 21 
205 24 
202 21 
202 24 
205 24 
178 21 
202 21 
202 24 
202 21 
205 24 
401 24 
205 21 
202 21 
202 21 
194 24 
202 24 
205 24 
202 32 
205 35 
205 32 
202 21 
205 24 
202 21 
205 21 
205 35 
202 21 
191 21 
256 35 
410 21 
535 35 
882 24 
823 35 
194 24 
202 24 
202 21 
202 24 
202 24 
181 21 
231 1144 
205 24 
202 21 
202 21 
202 24 
202 21 
205 21 
205 21 
202 21 
202 24 
205 24 
202 24 
205 35 
205 32 
202 21 
205 24 
202 21 
202 113 
202 32 
205 35 
205 32 
202 21 
205 24 
205 21 
202 21 
205 35 
891 309 
194 21 
205 24 
202 21 
202 24 
202 21 
205 21 
202 21 
202 24 
205 21 
202 24 
202 24 
202 32 
194 24 
202 24 
202 21 
202 21 
202 24 
202 24 
205 21 
202 21 
202 24 
205 21 
202 24 
202 24 
202 32 
1798 24 
202 21 
3331 24 
205 24 
202 24 
205 35 
202 32 
191 21 
202 24 
202 21 
321 35 
493 21 
618 35 
766 21 
220 24 
194 24 
202 24 
202 24 
202 32 
202 32 
191 21 
205 24 
523 526 
205 24 
205 24 
205 35 
202 32 
202 21 
205 24 
202 21 
205 24 
205 35 
202 32 
191 21 
202 24 
202 21 
202 24 
205 24 
205 21 
202 21 
930 21 
202 24 
202 21 
205 24 
184 35 
0 0 
0 0 
0 0 
0 0 
0 0 
205 35 
205 32 
653 244 
202 21 
208 24 
202 21 
181 21 
205 21 
389 24 
205 21 
202 21 
202 24 
205 24 
202 24 
205 35 
205 32 
657 21 
202 21 
202 24 
202 24 
205 32 
205 32 
205 32 
202 21 
205 24 
202 21 
179 24 
0 0 
0 0 
182 170 
199 178 
24 178 
21 167 
187 193 
170 187 
24 523 
21 181 
21 187 
24 181 
24 214 
35 767 
35 208 
32 178 
24 178 
21 193 
27 220 
21 176 
35 190 
176 170 
187 24 
223 289 
27 173 
24 187 
35 187 
24 237 
24 193 
27 170 
24 300 
21 188 
246 184 
35 208 
24 437 
21 249 
35 214 
24 214 
38 226 
24 176 
21 220 
229 190 
24 193 
181 24 
178 178 
208 30 
208 30 
223 181 
170 173 
30 205 
35 190 
24 173 
27 193 
35 208 
27 214 
223 38 
190 35 
205 30 
205 35 
208 38 
193 196 
24 178 
30 223 
235 247 
38 208 
387 24 
208 187 
24 187 
24 214 
24 181 
30 208 
35 181 
178 27 
205 24 
187 24 
202 21 
241 27 
181 27 
181 24 
167 21 
211 21 
181 24 
178 24 
205 24 
181 24 
178 24 
175 38 
167 24 
181 24 
187 181 
30 167 
35 184 
32 184 
21 383 
21 181 
24 226 
24 181 
24 173 
32 597 
24 181 
24 220 
21 181 
21 181 
24 173 
35 261 
27 181 
24 193 
24 749 
21 208 
21 205 
32 184 
24 300 
21 187 
24 178 
24 184 
24 173 
24 173 
35 217 
32 181 
21 223 
24 217 
24 511 
24 178 
35 187 
24 234 
24 214 
24 190 
24 208 
21 208 
27 205 
24 205 
24 520 
217 24 
205 27 
181 21 
672 193 
701 187 
21 167 
48 208 
24 178 
24 205 
24 214 
21 898 
35 184 
27 187 
27 497 
24 805 
21 986 
24 544 
32 187 
35 211 
21 208 
24 395 
27 1087 
24 208 
21 184 
21 167 
35 226 
24 178 
27 173 
45 181 
24 178 
38 315 
24 178 
38 178 
27 205 
24 181 
27 173 
24 211 
41 193 
241 190 
27 211 
24 211 
21 178 
27 211 
42 173 
24 208 
21 184 
24 211 
21 184 
38 184 
24 173 
24 181 
27 181 
24 178 
24 208 
21 205 
35 176 
21 170 
32 184 
27 222 
27 182 
21 181 
24 187 
27 170 
32 181 
21 187 
27 211 
21 178 
24 1684 
178 68 
170 24 
211 24 
217 21 
181 27 
205 24 
178 35 
184 35 
208 21 
211 27 
181 24 
208 35 
208 24 
208 24 
181 35 
176 21 
170 24 
208 21 
193 35 
879 24 
211 21 
178 63 
470 176 
30 870 
24 181 
21 488 
24 820 
35 268 
35 181 
24 181 
21 181 
24 181 
38 228 
225 24 
243 24 
175 32 
205 35 
187 24 
202 38 
639 38 
211 24 
181 32 
170 24 
205 21 
181 27 
600 627 
214 27 
208 24 
178 24 
167 21 
740 35 
178 21 
181 199 
24 181 
21 258 
220 24 
229 190 
24 181 
59 300 
178 38 
196 24 
208 30 
205 27 
205 35 
208 27 
205 24 
936 21 
181 181 
27 211 
60 220 
184 187 
59 279 
181 187 
27 208 
113 184 
208 24 
208 181 
24 208 
27 173 
24 211 
27 250 
35 205 
24 205 
24 205 
21 202 
24 202 
35 205 
32 202 
24 205 
21 208 
21 202 
24 205 
21 618 
35 205 
35 208 
24 205 
21 279 
21 445 
24 597 
21 731 
35 859 
21 205 
24 178 
24 205 
21 202 
24 205 
35 731 
35 205 
24 205 
21 205 
21 202 
24 208 
21 202 
35 205 
21 205 
21 205 
21 205 
21 202 
24 1156 
32 205 
32 202 
24 309 
21 205 
21 202 
24 205 
24 194 
35 205 
35 205 
21 208 
21 205 
21 202 
24 208 
32 1248 
32 205 
21 178 
21 202 
24 208 
21 205 
21 202 
35 529 
24 205 
21 208 
21 202 
24 205 
21 205 
35 205 
32 202 
24 205 
21 205 
21 202 
24 208 
21 202 
35 208 
21 205 
21 205 
21 205 
21 202 
24 852 
35 205 
32 217 
21 205 
21 205 
21 202 
24 205 
24 194 
35 208 
21 205 
21 205 
24 246 
24 383 
21 517 
24 669 
32 205 
24 205 
21 202 
24 202 
24 202 
24 1287 
32 205 
35 205 
21 205 
21 205 
21 205 
21 205 
32 202 
32 193 
24 205 
21 202 
24 202 
24 202 
35 205 
35 208 
24 205 
21 205 
21 202 
21 243 
21 202 
35 205 
35 205 
21 238 
24 205 
21 202 
24 205 
24 205 
35 205 
21 205 
24 205 
21 205 
21 194 
24 205 
24 205 
24 312 
24 205 
21 205 
21 202 
24 205 
24 194 
35 205 
35 205 
21 205 
21 205 
21 205 
21 205 
32 202 
32 205 
24 606 
21 205 
21 202 
24 194 
24 205 
35 205 
21 205 
21 205 
21 208 
21 202 
24 208 
32 205 
35 205 
21 205 
21 205 
21 193 
21 338 
35 455 
32 600 
35 752 
21 897 
24 205 
21 205 
21 202 
35 205 
21 1367 
24 205 
21 202 
24 208 
21 205 
35 205 
32 205 
35 205 
21 202 
24 202 
24 205 
21 205 
24 205 
24 205 
21 205 
21 258 
21 205 
24 202 
35 205 
32 202 
24 793 
21 205 
21 202 
24 202 
24 194 
35 205 
35 205 
21 205 
21 205 
21 205 
24 202 
35 205 
32 202 
24 205 
21 208 
21 202 
24 205 
21 205 
24 764 
32 202 
24 205 
21 205 
21 564 
24 205 
24 205 
35 205 
21 205 
24 205 
21 205 
21 202 
24 208 
32 205 
35 205 
21 178 
21 178 
24 205 
24 202 
35 205 
32 678 
24 205 
21 208 
21 202 
24 205 
21 256 
21 410 
35 538 
21 683 
24 835 
21 205 
21 202 
24 202 
32 202 
21 205 
21 205 
21 205 
24 208 
21 812 
24 205 
24 205 
21 205 
21 205 
21 514 
24 205 
35 205 
32 202 
21 205 
21 205 
21 202 
24 205 
21 205 
24 205 
24 205 
21 205 
21 205 
21 193 
21 205 
21 202 
35 205 
21 205 
21 205 
21 205 
21 202 
24 205 
24 205 
24 205 
21 232 
24 359 
21 205 
21 205 
35 205 
32 202 
21 205 
21 205 
21 178 
21 202 
24 208 
32 205 
35 205 
21 205 
21 205 
21 202 
24 205 
24 194 
35 205 
35 205 
21 205 
21 205 
21 205 
21 205 
32 202 
32 202 
24 826 
21 205 
21 838 
21 194 
24 211 
35 348 
32 493 
24 621 
24 766 
24 918 
21 202 
35 208 
35 205 
21 202 
24 1400 
24 202 
24 194 
24 170 
21 202 
21 208 
21 208 
21 202 
24 205 
21 205 
24 205 
24 205 
21 205 
21 205 
21 597 
24 205 
35 205 
32 202 
21 205 
21 205 
21 226 
24 205 
24 205 
35 205 
21 205 
24 205 
21 205 
21 202 
24 208 
21 202 
35 208 
21 205 
21 205 
21 205 
21 202 
24 205 
35 208 
35 205 
21 205 
21 205 
21 891 
21 223 
24 205 
35 241 
35 205 
21 202 
24 202 
24 205 
21 205 
24 223 
21 205 
21 205 
21 205 
21 205 
24 194 
24 170 
32 178 
21 205 
21 205 
21 205 
21 202 
24 647 
35 205 
35 288 
24 431 
21 576 
24 704 
21 838 
24 2164 
35 202 
24 205 
21 208 
21 202 
24 205 
21 205 
24 205 
24 205 
21 205 
21 205 
21 178 
21 202 
24 208 
32 205 
35 205 
21 178 
21 205 
21 205 
21 205 
32 202 
32 202 
24 205 
21 205 
21 202 
24 208 
21 315 
21 202 
21 205 
21 205 
21 205 
21 202 
24 205 
35 205 
35 205 
21 202 
24 208 
24 208 
21 202 
35 205 
32 336 
21 205 
21 205 
21 202 
24 205 
21 205 
24 205 
24 205 
21 205 
21 205 
21 202 
24 339 
24 205 
35 487 
24 205 
21 208 
21 202 
24 205 
21 205 
24 205 
24 205 
21 205 
21 205 
21 202 
24 205 
24 205 
35 208 
21 220 
21 362 
24 514 
21 659 
24 776 
32 202 
35 208 
24 205 
21 202 
24 208 
21 191 
24 205 
35 437 
35 205 
21 208 
21 205 
21 202 
24 208 
32 205 
35 205 
21 205 
21 752 
21 202 
21 191 
24 205 
35 205 
21 205 
21 205 
21 205 
21 202 
24 191 
35 205 
35 205 
21 205 
21 205 
21 205 
24 202 
35 205 
32 202 
24 178 
24 205 
21 205 
21 202 
24 194 
35 205 
35 205 
21 205 
21 205 
21 202 
24 205 
24 194 
35 205 
35 205 
21 205 
21 205 
21 205 
21 205 
32 271 
35 167 
24 205 
21 205 
21 202 
24 191 
24 205 
35 205 
21 496 
24 205 
24 208 
21 202 
24 202 
35 205 
32 202 
24 208 
21 306 
21 208 
24 574 
21 428 
35 865 
21 205 
21 208 
21 202 
24 205 
21 205 
24 205 
24 205 
21 205 
21 205 
21 202 
24 205 
24 194 
35 205 
35 205 
21 205 
21 205 
21 202 
24 205 
35 208 
35 205 
21 202 
24 208 
24 208 
21 202 
27 181 
0 0 
24 184 
24 178 
24 208 
24 208 
21 167 
35 205 
32 205 
21 181 
21 205 
21 1034 
24 205 
35 167 
35 205 
21 178 
21 208 
21 178 
21 1789 
24 167 
24 205 
24 205 
21 205 
24 205 
24 205 
24 170 
24 170 
35 324 
21 517 
24 713 
21 205 
24 184 
24 208 
32 164 
35 205 
21 211 
21 208 
24 208 
24 237 
21 253 
32 181 
32 178 
21 178 
21 181 
21 181 
21 170 
24 208 
32 241 
21 181 
21 235 
21 178 
21 178 
24 170 
35 181 
32 369 
24 181 
21 217 
24 205 
24 178 
35 229 
35 181 
21 178 
24 294 
24 214 
24 181 
21 170 
35 205 
35 1272 
24 178 
21 178 
21 181 
24 850 
21 181 
32 268 
24 553 
21 181 
21 181 
21 208 
35 164 
35 164 
24 184 
21 178 
21 181 
21 722 
24 179 
35 173 
32 190 
21 178 
21 282 
21 181 
24 184 
24 170 
35 181 
32 181 
24 181 
21 178 
21 178 
24 170 
24 170 
35 205 
21 205 
21 202 
21 178 
21 170 
24 205 
32 312 
21 205 
24 205 
21 181 
21 740 
24 205 
35 214 
32 178 
24 181 
21 208 
24 181 
24 202 
24 211 
35 167 
24 749 
24 879 
24 214 
24 181 
24 205 
21 170 
21 211 
21 178 
21 205 
24 205 
21 191 
32 205 
32 184 
35 205 
21 205 
24 181 
21 178 
24 167 
35 378 
32 170 
21 178 
24 205 
24 181 
24 350 
32 205 
32 202 
21 205 
24 205 
24 178 
21 178 
24 194 
35 205 
32 431 
24 178 
24 205 
24 205 
24 194 
21 202 
32 205 
21 205 
21 205 
21 787 
24 205 
24 173 
24 220 
32 178 
21 178 
24 300 
24 181 
24 181 
32 205 
32 164 
24 205 
24 205 
24 178 
24 181 
21 211 
32 211 
21 223 
24 541 
24 214 
21 826 
184 24 
172 35 
187 170 
30 220 
27 208 
38 181 
38 181 
24 184 
30 211 
30 190 
30 835 
24 292 
205 24 
190 38 
187 30 
205 184 
30 187 
196 187 
214 24 
668 30 
181 35 
205 24 
229 32 
167 24 
205 21 
202 21 
205 32 
202 35 
252 21 
194 24 
167 35 
175 21 
288 21 
193 24 
202 24 
202 21 
1106 21 
202 24 
164 24 
178 21 
205 32 
760 21 
202 24 
202 21 
205 21 
175 21 
202 35 
178 21 
167 35 
202 21 
202 24 
202 21 
205 24 
202 24 
205 24 
191 21 
170 35 
178 24 
205 21 
897 21 
205 35 
202 21 
167 24 
826 68 
167 24 
541 21 
205 35 
202 24 
202 24 
164 24 
170 24 
164 21 
184 21 
199 35 
202 21 
1840 24 
202 21 
202 24 
223 32 
362 24 
484 32 
621 24 
202 21 
202 24 
202 21 
205 24 
202 24 
202 24 
194 24 
205 21 
202 21 
202 21 
178 21 
202 21 
178 21 
205 21 
226 24 
164 21 
202 35 
202 35 
167 35 
202 21 
167 35 
178 24 
202 21 
205 35 
202 21 
202 24 
202 21 
167 21 
202 24 
181 21 
178 21 
202 35 
202 24 
1100 21 
202 21 
202 24 
342 21 
202 35 
167 35 
205 24 
202 21 
208 24 
202 32 
178 21 
191 24 
202 21 
205 24 
547 35 
205 24 
178 24 
164 35 
167 35 
202 21 
202 24 
401 24 
205 32 
175 21 
191 24 
687 21 
202 21 
770 21 
202 21 
205 24 
202 24 
202 24 
173 35 
175 21 
202 21 
181 21 
181 24 
445 24 
318 2196 
731 24 
211 21 
202 21 
164 24 
202 24 
194 24 
205 21 
193 21 
202 21 
175 21 
202 24 
202 24 
280 24 
202 21 
202 21 
175 21 
202 24 
202 24 
202 24 
574 32 
178 24 
205 21 
187 21 
202 35 
211 24 
164 24 
167 24 
164 21 
175 21 
202 32 
202 24 
191 21 
170 35 
205 21 
202 21 
190 21 
205 35 
208 24 
205 21 
202 21 
205 24 
437 24 
205 32 
208 21 
202 21 
202 24 
205 21 
205 24 
202 24 
202 24 
202 24 
205 21 
202 24 
205 21 
202 24 
318 35 
205 35 
205 24 
202 21 
202 21 
164 21 
202 24 
202 24 
202 24 
205 21 
202 21 
202 21 
178 21 
252 21 
372 35 
175 35 
167 35 
648 32 
811 24 
178 21 
187 35 
226 377 
205 21 
208 21 
202 21 
202 24 
202 24 
202 24 
202 24 
191 21 
202 24 
175 24 
202 35 
205 35 
205 21 
167 24 
167 24 
202 21 
205 24 
178 21 
202 24 
205 21 
170 21 
202 21 
184 21 
202 32 
202 35 
202 21 
256 35 
202 21 
205 21 
175 24 
178 21 
194 21 
202 21 
202 21 
167 21 
202 21 
202 21 
175 24 
205 21 
202 21 
164 24 
193 21 
324 32 
490 24 
194 24 
226 21 
202 24 
202 21 
202 21 
205 24 
202 24 
202 24 
601 24 
164 24 
175 21 
386 21 
205 35 
202 35 
202 24 
202 21 
202 21 
205 21 
469 24 
202 32 
604 24 
164 24 
470 24 
178 21 
740 32 
187 32 
202 24 
205 21 
167 35 
2671 21 
199 21 
202 32 
178 21 
167 35 
173 21 
205 21 
202 21 
359 21 
205 24 
164 35 
167 35 
202 21 
202 24 
205 21 
205 24 
240 24 
208 21 
458 32 
167 21 
202 21 
178 21 
205 24 
202 24 
208 21 
205 21 
202 24 
202 21 
202 21 
205 21 
202 24 
194 24 
202 21 
202 21 
725 21 
178 21 
202 24 
191 21 
205 21 
202 24 
181 21 
208 24 
178 32 
202 24 
191 21 
170 35 
202 21 
205 21 
419 21 
205 21 
202 24 
202 24 
202 21 
205 24 
202 24 
202 24 
202 24 
205 21 
562 32 
330 24 
178 24 
211 35 
214 24 
202 24 
259 32 
202 21 
178 21 
178 21 
802 32 
167 35 
170 24 
202 21 
202 21 
175 24 
202 35 
205 35 
202 21 
202 24 
957 27 
202 21 
202 35 
205 35 
202 35 
202 24 
167 24 
202 21 
202 24 
1040 775 
181 32 
188 24 
208 21 
202 21 
202 21 
178 21 
178 21 
202 24 
191 21 
205 21 
205 21 
202 21 
205 32 
205 35 
202 24 
202 24 
202 24 
175 21 
202 32 
178 21 
205 21 
202 21 
205 21 
164 21 
256 24 
178 24 
205 21 
202 21 
693 35 
202 21 
202 21 
885 21 
205 35 
202 24 
202 21 
202 21 
164 21 
202 35 
196 24 
202 35 
202 24 
167 24 
202 21 
205 24 
202 35 
196 35 
191 24 
202 21 
208 24 
342 35 
553 24 
431 2178 
737 24 
880 32 
202 24 
205 21 
205 21 
178 21 
205 35 
202 35 
202 24 
164 24 
202 21 
205 24 
202 32 
175 35 
191 24 
485 996 
202 21 
205 24 
208 32 
202 35 
191 24 
202 21 
205 21 
178 32 
178 21 
178 24 
184 24 
360 35 
205 21 
205 21 
178 21 
175 21 
202 35 
167 35 
170 35 
202 21 
175 24 
205 21 
205 35 
202 21 
202 24 
205 21 
205 21 
205 21 
205 35 
178 24 
178 24 
202 24 
202 21 
164 24 
178 21 
175 21 
202 21 
1102 21 
202 21 
202 24 
202 21 
202 24 
208 35 
451 21 
164 24 
202 21 
205 21 
701 21 
175 21 
202 21 
202 24 
1135 110 
832 21 
202 21 
175 21 
205 21 
719 24 
202 24 
205 21 
202 21 
202 24 
202 32 
175 35 
191 21 
627 24 
181 24 
1239 21 
205 35 
205 35 
202 21 
202 21 
202 21 
167 24 
205 24 
205 32 
193 21 
202 24 
749 24 
202 24 
202 21 
205 24 
202 24 
202 24 
191 21 
372 24 
327 24 
205 21 
178 24 
205 21 
208 24 
205 21 
202 21 
202 21 
330 35 
202 35 
194 24 
202 21 
202 21 
202 21 
178 24 
205 35 
202 35 
538 21 
167 35 
205 21 
202 21 
202 24 
205 21 
202 24 
202 21 
202 21 
202 21 
202 21 
205 35 
202 35 
167 21 
202 21 
205 21 
250 35 
175 21 
178 21 
800 24 
179 24 
170 24 
205 21 
175 21 
178 24 
844 21 
164 24 
764 32 
874 35 
202 21 
885 844 
181 21 
175 24 
167 21 
196 21 
202 21 
175 24 
205 35 
175 24 
167 35 
164 24 
164 21 
202 21 
205 24 
1655 21 
164 35 
202 21 
202 21 
202 21 
205 21 
178 24 
178 24 
202 24 
205 21 
202 21 
918 21 
205 24 
202 24 
202 24 
194 24 
202 21 
178 24 
205 21 
202 35 
202 35 
167 21 
202 21 
202 21 
167 24 
205 24 
178 32 
202 24 
205 21 
202 24 
205 21 
202 24 
178 21 
2591 342 
202 24 
194 24 
202 21 
202 24 
175 24 
202 35 
161 35 
202 21 
167 35 
330 24 
202 24 
202 32 
202 24 
574 32 
202 24 
164 24 
202 24 
178 21 
175 24 
1762 30 
571 32 
731 21 
859 32 
205 21 
205 24 
211 21 
191 21 
205 21 
164 24 
205 21 
205 24 
303 35 
202 35 
202 21 
167 21 
205 24 
276 24 
202 35 
178 24 
167 21 
164 24 
202 21 
205 21 
246 33 
0 0 
0 0 
208 33 
181 24 
181 359 
202 306 
35 214 
35 211 
27 199 
21 187 
24 1346 
205 32 
178 24 
181 35 
176 30 
205 413 
211 38 
187 27 
193 38 
185 36 
237 24 
167 24 
214 35 
196 38 
211 27 
217 220 
21 170 
24 1370 
21 184 
24 181 
214 35 
202 208 
178 24 
341 184 
21 205 
68 241 
24 214 
32 202 
24 178 
30 173 
276 196 
36 390 
871 35 
175 24 
184 24 
214 32 
208 24 
175 178 
187 181 
24 291 
208 35 
181 21 
182 274 
24 252 
211 35 
265 24 
291 181 
21 232 
434 21 
835 24 
217 41 
226 21 
178 176 
24 214 
24 170 
47 238 
27 184 
1290 24 
184 24 
208 27 
879 220 
24 228 
21 214 
27 184 
38 196 
21 240 
181 27 
181 30 
223 41 
211 30 
187 27 
193 190 
53 39 
205 35 
205 27 
181 35 
612 24 
181 27 
178 27 
184 24 
173 27 
211 30 
235 274 
30 188 
30 214 
38 190 
21 196 
713 30 
208 30 
170 27 
181 24 
208 44 
211 30 
184 27 
214 27 
208 30 
856 41 
265 30 
190 27 
208 27 
220 30 
205 30 
562 223 
27 232 
24 669 
38 196 
24 208 
33 190 
27 176 
27 2149 
30 199 
24 410 
30 514 
38 689 
30 811 
33 294 
30 217 
27 214 
27 193 
44 190 
41 217 
27 214 
38 217 
41 217 
38 217 
27 217 
30 214 
30 214 
30 220 
30 211 
27 211 
27 214 
30 220 
24 217 
30 225 
24 182 
27 386 
27 196 
41 217 
30 190 
24 217 
27 185 
24 196 
24 214 
38 217 
41 217 
24 217 
24 193 
24 312 
30 214 
24 208 
27 220 
30 187 
27 214 
27 223 
24 190 
27 217 
35 217 
30 190 
24 448 
27 217 
24 214 
30 193 
38 413 
24 188 
27 193 
182 193 
211 27 
297 214 
30 170 
282 220 
35 170 
187 38 
190 24 
187 303 
871 127 
205 35 
181 38 
187 41 
173 32 
185 21 
208 21 
164 24 
238 21 
264 24 
184 21 
181 21 
164 21 
164 21 
259 21 
205 24 
178 24 
737 21 
208 21 
167 24 
170 24 
211 24 
199 35 
249 24 
205 21 
164 21 
1819 24 
181 24 
178 21 
178 24 
205 24 
194 21 
205 24 
205 24 
205 21 
615 21 
178 24 
164 32 
167 35 
205 24 
205 24 
202 24 
205 32 
178 21 
164 21 
205 24 
202 24 
202 24 
205 35 
202 32 
191 24 
202 24 
238 21 
178 24 
205 24 
205 35 
240 24 
178 35 
167 21 
164 21 
190 24 
181 24 
256 24 
170 24 
214 21 
173 21 
190 24 
211 21 
181 24 
190 35 
176 24 
190 35 
2787 21 
365 21 
181 35 
179 199 
27 211 
44 190 
0 0 
24 695 
576 47 
176 24 
187 36 
868 234 
30 185 
24 205 
21 170 
24 170 
32 187 
27 184 
24 190 
27 211 
21 413 
196 24 
228 24 
173 24 
247 24 
267 170 
27 214 
24 187 
32 173 
32 181 
24 258 
21 190 
21 615 
21 187 
24 202 
27 181 
33 184 
30 196 
21 279 
32 214 
24 187 
35 184 
35 384 
35 243 
24 467 
282 24 
267 24 
2876 324 
24 324 
21 268 
339 283 
909 95 
190 261 
190 27 
315 232 
225 190 
778 972 
321 35 
223 35 
202 208 
181 190 
32 214 
35 437 
273 24 
202 211 
238 344 
27 220 
321 253 
231 24 
193 312 
24 184 
21 321 
27 223 
35 196 
24 220 
24 386 
220 27 
277 24 
181 24 
452 24 
475 41 
479 24 
678 24 
1004 246 
1040 24 
190 38 
220 33 
2380 249 
35 196 
217 35 
193 35 
190 41 
246 24 
214 35 
205 30 
232 38 
184 27 
190 24 
199 30 
3898 35 
181 35 
258 232 
27 190 
36 205 
199 38 
184 24 
249 232 
21 734 
294 24 
226 30 
226 41 
237 39 
288 47 
354 24 
315 35 
274 258 
208 44 
226 21 
190 35 
261 24 
279 35 
347 211 
24 214 
318 21 
181 24 
181 24 
285 24 
211 261 
232 193 
27 225 
30 223 
30 202 
38 199 
38 193 
21 247 
282 303 
208 35 
220 27 
1396 24 
341 24 
271 21 
193 24 
312 265 
330 24 
208 27 
181 187 
27 347 
21 279 
24 268 
24 240 
24 318 
21 300 
24 241 
24 362 
21 404 
30 580 
24 713 
27 892 
21 173 
208 24 
170 38 
214 21 
226 41 
383 24 
211 35 
273 21 
226 27 
188 24 
182 24 
193 21 
303 21 
202 35 
178 35 
208 24 
167 21 
722 256 
24 179 
24 294 
35 211 
21 330 
24 178 
24 276 
21 187 
21 289 
38 306 
211 24 
178 32 
294 21 
300 24 
187 21 
294 24 
220 24 
217 24 
199 24 
256 24 
178 21 
184 24 
214 35 
184 41 
2859 24 
220 21 
184 24 
187 33 
214 35 
178 27 
217 24 
184 24 
205 24 
190 24 
255 30 
291 35 
469 303 
35 413 
173 24 
297 244 
24 223 
24 182 
214 185 
24 229 
24 267 
21 187 
24 243 
24 271 
21 220 
32 268 
24 336 
618 24 
704 862 
24 663 
27 850 
24 1001 
21 187 
21 181 
24 205 
21 190 
184 27 
205 33 
196 21 
223 21 
170 21 
181 21 
279 24 
214 24 
231 21 
196 21 
289 21 
170 24 
229 21 
1049 419 
24 229 
32 270 
24 345 
24 220 
24 211 
24 220 
24 184 
35 208 
24 223 
35 339 
21 258 
24 3167 
217 32 
226 21 
282 35 
220 24 
208 21 
238 35 
190 35 
255 21 
190 32 
222 24 
292 24 
342 561 
181 24 
300 30 
214 38 
205 27 
173 21 
238 24 
187 24 
196 24 
359 21 
202 24 
208 24 
170 21 
315 24 
178 24 
1248 21 
181 199 
552 21 
178 35 
193 196 
199 32 
211 35 
276 21 
389 330 
482 262 
21 276 
577 35 
1207 21 
853 24 
992 199 
44 995 
24 199 
187 24 
291 27 
2909 523 
380 211 
225 21 
184 21 
173 27 
256 21 
330 2834 
1367 951 
24 312 
273 24 
241 264 
199 190 
24 247 
33 262 
35 256 
32 321 
176 27 
176 24 
6383 243 
0 0 
205 223 
187 38 
208 223 
27 235 
199 214 
184 24 
181 38 
196 288 
24 268 
164 24 
190 30 
704 3670 
21 190 
38 223 
191 309 
21 193 
3762 567 
24 243 
27 270 
30 244 
30 182 
27 235 
27 185 
173 173 
30 300 
24 520 
27 202 
35 199 
30 190 
36 256 
56 202 
190 27 
297 32 
202 47 
5440 24 
247 107 
35 276 
24 184 
291 190 
984 773 
214 345 
243 27 
413 217 
369 35 
553 35 
645 35 
749 15969 
0 0 
1034 24 
187 24 
303 27 
538 844 
241 244 
35 187 
32 1426 
232 208 
184 24 
211 255 
24 279 
21 176 
24 384 
32 264 
24 214 
170 199 
24 235 
24 835 
258 300 
24 223 
176 268 
220 21 
226 35 
220 21 
4632 24 
737 336 
280 238 
30 232 
21 178 
21 211 
24 440 
24 214 
0 0 
32 312 
187 38 
773 24 
178 21 
175 21 
178 27 
164 35 
372 35 
202 24 
440 24 
214 24 
214 24 
187 24 
285 21 
333 21 
309 21 
250 21 
247 24 
205 24 
267 21 
167 32 
196 24 
199 21 
208 24 
190 24 
292 342 
167 24 
1884 799 
184 24 
202 38 
176 24 
249 21 
170 21 
225 24 
315 21 
559 2345 
30 178 
32 487 
853 297 
690 35 
199 24 
170 21 
241 32 
181 24 
175 24 
1402 1292 
202 24 
211 202 
38 181 
24 170 
24 167 
24 181 
21 187 
21 211 
24 285 
21 190 
214 228 
35 205 
167 24 
190 24 
181 24 
229 24 
181 24 
190 35 
208 21 
244 35 
208 196 
24 951 
211 24 
178 35 
238 217 
24 609 
276 315 
282 187 
178 24 
689 21 
184 217 
35 229 
27 178 
24 202 
24 173 
175 24 
436 21 
178 35 
196 229 
24 743 
1869 33 
0 0 
0 0 
0 0 
0 0 
0 0 
0 0 
0 0 
0 0 
0 0 
0 0 
0 0 
0 0 
0 0 
0 0 
0 0 
0 0 
0 0 
0 0 
0 0 
0 0 
0 0 
0 0 
0 0 
0 0 
0 0 
0 0 
0 0 
0 0 
0 0 
0 0 
0 0 
0 0 
0 0 
0 0 
0 0 
0 0 
0 0 
0 0 
0 0 
0 0 
0 0 
0 0 
0 0 
0 0 
0 0 
0 0 
0 0 
0 0 
0 0 
0 0 
0 0 
0 0 
0 0 
0 0 
0 0 
0 0 
0 0 
0 0 
0 0 
0 0 
0 0 
0 0 
0 0 
0 0 
0 0 
0 0 
0 0 
0 0 
0 0 
0 0 
0 0 
0 0 
0 0 
0 0 
0 0 
0 0 
0 0 
0 0 
0 0 
0 0 
0 0 
0 0 
0 0 
0 0 
0 0 
0 0 
0 0 
0 0 
0 0 
0 0 
0 0 
0 0 
0 0 
0 0 
0 0 
0 0 
0 0 
0 0 
0 0 
0 0 
0 0 
0 0 
0 0 
0 0 
0 0 
0 0 
0 0 
190 437 
21 300 
24 502 
24 234 
21 4321 
291 32 
232 24 
0 0 
0 0 
0 0 
0 0 
229 178 
35 300 
38 208 
271 35 
407 27 
369 250 
35 205 
24 223 
778 33 
630 24 
348 24 
624 3512 
232 24 
196 35 
303 24 
202 36 
288 24 
265 832 
30 279 
24 276 
38 232 
33 280 
24 190 
21 214 
21 454 
440 306 
220 35 
205 627 
265 27 
300 30 
199 39 
4888 24 
270 38 
324 27 
255 27 
238 41 
277 30 
253 21 
247 276 
24 208 
24 559 
300 265 
38 306 
306 285 
21 252 
21 306 
21 312 
24 728 
21 963 
21 354 
45 571 
978 387 
1087 276 
35 1016 
35 196 
27 249 
27 274 
41 817 
24 267 
24 407 
35 237 
35 223 
24 306 
226 30 
190 24 
241 24 
187 38 
1087 2035 
297 24 
383 24 
336 35 
267 24 
211 35 
285 27 
258 291 
24 246 
24 442 
259 24 
241 21 
190 24 
279 32 
345 21 
550 32 
196 21 
395 21 
419 21 
380 32 
220 24 
250 41 
208 24 
190 24 
395 35 
294 21 
327 32 
1063 24 
262 27 
2725 1569 
279 24 
1022 223 
220 24 
469 24 
199 54 
502 288 
193 196 
27 238 
32 181 
35 259 
21 222 
21 249 
27 190 
505 56 
395 199 
32 416 
21 618 
27 223 
27 226 
380 288 
24 205 
122 303 
214 30 
476 27 
615 35 
470 930 
181 24 
181 27 
167 306 
211 190 
179 193 
24 190 
24 252 
24 214 
21 220 
258 30 
671 30 
814 253 
21 232 
21 243 
35 491 
77 95 
291 24 
1952 35 
226 24 
294 24 
229 24 
205 24 
326 33 
711 205 
21 273 
176 5132 
232 35 
184 35 
386 526 
24 199 
1025 24 
199 24 
220 196 
178 190 
282 24 
4501 24 
713 21 
238 344 
327 395 
3869 285 
401 273 
24 190 
262 21 
571 35 
782 238 
303 27 
235 505 
282 211 
44 612 
244 538 
535 535 
6588 330 
208 229 
359 811 
261 279 
300 187 
803 574 
21 416 
24 330 
556 24 
410 249 
220 377 
235 223 
464 246 
21 252 
24 262 
41 238 
32 255 
35 440 
592 35 
580 27 
686 32 
850 377 
24 775 
1286 1132 
208 330 
357 1135 
351 32 
374 199 
24 383 
267 235 
234 214 
265 27 
271 24 
1355 217 
24 235 
21 226 
184 35 
220 264 
892 303 
205 270 
226 35 
205 208 
356 330 
445 199 
30 309 
21 344 
24 249 
24 173 
24 202 
434 21 
312 24 
190 27 
0 0 
0 0 
0 0 
0 0 
0 0 
0 0 
193 21 
7179 264 
24 229 
35 360 
38 205 
32 517 
24 333 
24 196 
21 348 
297 24 
235 27 
243 229 
24 1010 
24 267 
30 253 
27 232 
237 27 
434 232 
5087 238 
24 196 
24 431 
27 208 
24 182 
35 532 
41 520 
250 24 
208 24 
193 35 
350 30 
264 27 
217 24 
538 27 
363 27 
553 24 
7886 24 
675 30 
888 24 
978 24 
309 686 
30 225 
24 247 
24 199 
38 202 
214 30 
205 30 
181 30 
279 24 
202 38 
208 21 
288 30 
202 27 
232 41 
217 27 
244 30 
208 41 
190 24 
330 27 
193 27 
226 27 
232 33 
208 30 
176 30 
193 30 
167 27 
223 38 
229 30 
327 35 
371 21 
297 24 
297 27 
645 47 
297 280 
264 30 
244 35 
295 24 
190 38 
214 24 
205 27 
208 35 
285 27 
202 33 
202 27 
276 258 
202 217 
176 27 
190 193 
30 330 
229 267 
234 24 
541 38 
220 30 
238 24 
193 24 
276 190 
32 208 
252 24 
467 286 
401 312 
235 24 
2030 190 
258 345 
193 229 
38 484 
35 244 
24 220 
24 360 
478 30 
671 24 
909 35 
959 297 
1091 312 
256 24 
220 1293 
38 199 
38 190 
24 2127 
220 41 
261 244 
27 253 
44 193 
21 303 
27 264 
467 24 
297 190 
38 336 
199 38 
347 309 
196 353 
231 24 
190 30 
713 764 
33 523 
32 238 
38 187 
27 243 
817 35 
0 0 
0 0 
0 0 
0 0 
0 0 
0 0 
0 0 
0 0 
0 0 
0 0 
0 0 
190 21 
181 30 
211 202 
24 416 
184 181 
603 27 
181 38 
167 24 
208 24 
276 167 
24 170 
193 35 
202 24 
280 27 
208 24 
208 190 
24 181 
24 208 
27 262 
35 184 
35 190 
24 897 
33 187 
27 348 
35 211 
38 205 
24 235 
173 190 
24 190 
187 24 
469 21 
205 232 
225 170 
30 194 
41 238 
184 30 
190 184 
24 179 
24 173 
965 35 
167 33 
226 179 
24 190 
27 176 
24 214 
175 38 
235 211 
24 255 
395 24 
211 33 
178 190 
38 226 
24 211 
32 211 
21 214 
24 208 
24 193 
35 229 
24 187 
24 214 
208 167 
24 205 
24 202 
21 222 
24 190 
32 181 
178 27 
181 24 
214 50 
184 21 
208 35 
178 24 
182 24 
208 24 
176 27 
167 24 
208 181 
181 185 
35 211 
181 173 
24 255 
184 27 
223 24 
841 196 
264 318 
184 205 
176 24 
220 24 
205 181 
24 226 
24 202 
214 24 
187 24 
247 24 
196 24 
181 39 
181 187 
38 184 
196 30 
223 27 
642 41 
309 184 
24 173 
38 226 
24 217 
30 187 
27 179 
27 179 
44 196 
184 178 
261 217 
164 24 
306 184 
27 184 
27 214 
122 294 
660 27 
178 35 
190 229 
235 30 
223 27 
179 30 
211 30 
184 41 
170 30 
179 33 
187 30 
529 755 
184 178 
187 38 
181 38 
205 30 
235 38 
208 24 
1557 1126 
199 24 
193 196 
184 181 
33 208 
181 30 
178 27 
386 217 
176 24 
196 387 
217 27 
217 35 
208 38 
208 41 
199 27 
214 30 
217 27 
211 24 
214 41 
214 35 
252 24 
205 24 
179 30 
173 27 
199 24 
208 41 
208 41 
205 33 
234 30 
184 30 
208 27 
244 291 
27 262 
24 187 
35 217 
30 184 
21 196 
193 193 
283 443 
24 211 
24 240 
347 30 
208 41 
900 27 
737 38 
175 24 
603 336 
205 24 
170 24 
211 41 
181 27 
208 30 
190 21 
187 35 
211 27 
173 33 
672 24 
167 24 
190 181 
44 187 
214 35 
185 247 
181 190 
24 285 
645 44 
205 184 
38 321 
30 190 
24 173 
24 179 
24 220 
33 196 
30 173 
35 238 
24 187 
211 36 
193 27 
226 196 
211 38 
211 24 
231 30 
214 35 
187 30 
184 33 
173 30 
258 27 
713 27 
829 24 
431 41 
178 187 
24 187 
33 173 
27 475 
683 410 
422 217 
214 187 
33 187 
229 41 
223 261 
223 38 
179 30 
345 472 
232 35 
178 187 
27 185 
21 199 
24 199 
24 190 
167 179 
345 38 
229 30 
0 0 
0 0 
0 0 
0 0 
0 0 
0 0 
0 0 
0 0 
0 0 
0 0 
0 0 
285 30 
202 27 
187 44 
179 24 
205 27 
173 72 
490 27 
202 33 
229 30 
223 199 
27 193 
24 178 
190 41 
217 211 
27 190 
44 193 
24 170 
24 178 
24 345 
24 187 
24 234 
39 229 
21 354 
24 211 
27 187 
30 220 
27 190 
35 190 
27 170 
38 205 
30 211 
27 184 
24 493 
24 196 
27 217 
24 196 
41 190 
32 184 
21 190 
27 193 
27 788 
27 199 
178 41 
214 30 
193 27 
544 24 
170 27 
181 38 
181 35 
208 24 
208 24 
499 36 
208 33 
377 508 
214 193 
184 24 
577 27 
179 24 
707 24 
205 27 
241 27 
196 24 
211 214 
202 27 
692 33 
553 30 
178 35 
309 220 
211 24 
259 184 
241 517 
24 175 
24 217 
24 181 
24 167 
21 190 
35 208 
21 178 
24 205 
21 205 
24 205 
24 202 
35 202 
32 205 
21 181 
21 217 
21 178 
21 164 
35 202 
32 167 
24 181 
24 178 
21 178 
21 202 
24 202 
35 196 
35 502 
24 196 
21 205 
24 181 
24 202 
35 164 
35 164 
24 205 
21 178 
21 178 
21 208 
24 232 
35 205 
32 184 
21 208 
21 208 
24 208 
24 167 
35 211 
32 193 
24 226 
24 232 
223 27 
636 24 
208 35 
237 27 
179 190 
24 181 
21 205 
21 205 
24 208 
21 208 
32 348 
24 202 
21 178 
21 205 
24 208 
21 205 
32 297 
35 279 
21 722 
21 181 
24 466 
21 597 
24 731 
35 167 
21 178 
21 181 
21 202 
24 211 
24 170 
35 205 
32 184 
21 205 
21 202 
24 205 
24 208 
208 32 
202 21 
194 21 
170 21 
202 21 
202 24 
214 21 
178 35 
187 32 
202 24 
208 24 
202 24 
181 24 
181 24 
211 21 
181 24 
178 30 
199 30 
217 33 
181 196 
211 21 
170 30 
178 24 
178 24 
184 21 
205 35 
333 217 
24 184 
672 35 
184 27 
205 27 
383 27 
300 173 
181 193 
38 276 
30 220 
21 226 
24 256 
24 164 
44 214 
24 193 
167 32 
175 226 
24 190 
24 170 
181 270 
35 1162 
167 24 
749 181 
229 817 
41 178 
214 24 
208 24 
202 184 
164 173 
27 182 
41 187 
27 187 
24 592 
27 217 
33 303 
24 1043 
256 27 
214 35 
291 526 
27 208 
24 182 
30 214 
24 511 
214 24 
184 38 
187 38 
187 41 
0 0 
1189 35 
184 35 
184 30 
300 24 
448 205 
24 1090 
24 237 
178 24 
315 217 
21 868 
351 38 
181 27 
327 21 
170 24 
482 146 
187 24 
618 184 
32 187 
32 184 
179 24 
205 27 
214 24 
226 27 
170 30 
211 24 
214 184 
27 1079 
30 217 
27 214 
38 140 
27 211 
24 193 
24 190 
24 211 
27 214 
30 173 
24 190 
27 211 
24 211 
24 185 
36 211 
24 179 
24 211 
27 1982 
267 184 
205 27 
208 30 
624 33 
170 24 
915 30 
167 24 
179 27 
223 38 
190 217 
208 234 
41 324 
38 808 
27 187 
24 196 
24 981 
190 24 
1604 24 
167 24 
184 30 
214 30 
731 30 
187 24 
193 30 
208 30 
167 187 
184 187 
27 190 
24 211 
173 27 
187 190 
205 179 
178 41 
184 24 
179 30 
211 184 
33 220 
35 214 
27 214 
24 214 
36 176 
21 190 
21 184 
202 173 
211 35 
243 24 
167 27 
621 24 
211 24 
181 44 
190 38 
188 27 
170 27 
404 24 
220 36 
181 21 
178 32 
184 35 
178 35 
176 167 
24 285 
24 205 
27 241 
211 21 
217 187 
24 187 
24 214 
181 30 
722 35 
793 1349 
205 30 
202 21 
190 30 
187 181 
30 339 
30 182 
38 214 
175 32 
211 170 
27 211 
297 24 
208 226 
24 214 
24 173 
21 217 
333 853 
217 32 
205 181 
398 318 
181 24 
410 35 
261 24 
193 214 
21 190 
30 187 
21 196 
181 35 
208 30 
214 190 
179 24 
170 24 
178 21 
229 21 
680 214 
208 41 
187 50 
398 190 
196 187 
21 276 
21 170 
32 170 
24 190 
24 181 
24 214 
47 217 
47 199 
35 184 
173 35 
247 21 
202 21 
181 24 
187 30 
247 220 
27 499 
303 383 
211 24 
264 220 
38 267 
182 264 
179 24 
181 33 
966 529 
190 190 
178 24 
220 173 
270 214 
35 181 
24 1557 
205 24 
170 30 
190 35 
196 181 
35 181 
24 190 
24 181 
45 176 
24 208 
24 226 
38 217 
27 184 
21 627 
24 225 
24 187 
27 259 
38 184 
24 231 
24 196 
184 27 
187 27 
211 38 
211 27 
217 35 
176 24 
173 27 
202 27 
184 24 
184 41 
223 194 
184 24 
220 24 
187 24 
199 184 
27 196 
184 21 
181 38 
184 41 
1376 157 
190 27 
184 27 
178 21 
178 30 
202 268 
27 220 
33 454 
178 38 
220 35 
208 38 
217 30 
214 35 
211 24 
167 24 
170 27 
211 30 
193 24 
264 27 
211 27 
214 27 
184 24 
208 24 
178 21 
181 32 
211 32 
178 21 
164 21 
202 24 
202 24 
205 21 
202 21 
202 21 
258 446 
173 21 
175 24 
214 21 
205 21 
178 35 
178 35 
523 113 
202 24 
205 21 
214 21 
205 35 
181 24 
440 181 
24 912 
190 24 
187 205 
24 170 
24 187 
24 208 
761 35 
181 27 
181 35 
291 27 
241 38 
190 21 
181 21 
217 24 
270 244 
24 247 
178 38 
181 35 
413 24 
181 27 
297 208 
30 541 
24 214 
27 199 
32 220 
21 208 
21 217 
24 208 
24 208 
24 208 
35 205 
32 354 
24 214 
21 178 
21 205 
24 208 
21 167 
35 164 
24 214 
24 205 
21 202 
24 214 
24 402 
35 164 
35 181 
21 211 
21 178 
21 208 
24 205 
21 247 
35 675 
35 178 
21 193 
21 178 
41 208 
24 208 
24 181 
24 181 
24 193 
167 238 
232 21 
184 27 
205 24 
187 24 
170 35 
208 24 
178 35 
187 184 
35 220 
32 499 
24 318 
24 217 
214 41 
205 182 
24 205 
21 544 
35 229 
21 787 
24 205 
21 799 
21 178 
21 167 
21 167 
24 214 
205 38 
187 27 
184 30 
211 30 
339 41 
173 27 
211 24 
164 24 
217 21 
164 21 
383 152 
202 35 
217 21 
176 24 
202 21 
202 21 
187 21 
181 24 
205 21 
202 24 
229 24 
164 21 
202 24 
181 21 
1114 21 
202 21 
880 32 
167 24 
202 21 
202 32 
202 35 
1242 38 
202 21 
202 24 
167 24 
164 21 
175 21 
202 24 
618 847 
202 21 
182 21 
202 24 
202 21 
205 35 
205 35 
202 24 
535 21 
175 21 
202 21 
205 35 
205 35 
493 32 
208 21 
164 24 
205 21 
392 21 
202 35 
208 21 
181 32 
164 24 
282 21 
202 24 
677 21 
737 24 
704 35 
306 24 
449 32 
175 21 
175 24 
178 24 
205 24 
199 24 
194 24 
202 21 
202 24 
178 21 
315 35 
202 35 
167 21 
205 21 
167 21 
175 21 
205 32 
188 24 
191 21 
167 35 
175 21 
202 24 
202 35 
208 35 
202 21 
164 24 
170 24 
164 21 
202 24 
205 32 
194 24 
202 21 
202 21 
202 24 
202 21 
205 24 
202 24 
178 32 
205 21 
202 21 
205 21 
202 21 
202 24 
202 24 
205 24 
173 35 
1013 24 
202 21 
178 21 
514 24 
184 32 
202 21 
202 21 
202 21 
175 24 
514 35 
202 24 
194 24 
202 21 
205 21 
761 24 
205 24 
802 24 
202 24 
191 21 
205 21 
202 21 
377 24 
205 35 
205 35 
202 21 
250 32 
202 21 
526 32 
704 21 
811 35 
202 35 
202 24 
164 24 
205 21 
178 21 
202 24 
181 32 
194 21 
167 35 
208 21 
202 21 
371 21 
202 24 
202 24 
191 21 
170 35 
205 21 
205 21 
205 24 
202 24 
202 24 
194 24 
202 21 
202 21 
202 21 
208 24 
202 24 
191 21 
202 21 
202 21 
1691 484 
178 21 
178 32 
175 35 
702 24 
208 21 
202 21 
211 32 
232 226 
167 35 
202 21 
167 24 
175 21 
202 21 
178 21 
202 24 
202 24 
838 24 
164 24 
205 24 
306 24 
306 27 
202 24 
194 24 
176 21 
202 21 
175 24 
202 35 
178 21 
170 35 
202 24 
205 21 
205 24 
202 24 
567 24 
520 21 
202 21 
208 24 
167 24 
475 24 
178 21 
751 21 
202 24 
164 24 
164 24 
205 24 
202 35 
606 217 
202 21 
202 21 
202 21 
205 21 
202 32 
202 35 
205 35 
167 35 
202 21 
202 21 
178 21 
202 24 
228 663 
205 21 
303 21 
202 21 
202 21 
205 21 
205 24 
178 35 
202 24 
205 21 
202 21 
410 21 
202 35 
205 35 
205 21 
202 21 
202 21 
167 24 
205 24 
202 32 
202 24 
211 24 
202 21 
205 21 
202 21 
193 24 
178 24 
202 24 
865 128 
202 21 
205 21 
202 32 
202 35 
205 35 
202 21 
202 24 
202 21 
205 24 
202 24 
202 24 
695 32 
202 21 
202 24 
202 21 
202 24 
223 21 
202 24 
202 24 
170 35 
202 24 
205 21 
422 32 
680 21 
267 24 
167 35 
202 21 
205 21 
178 21 
205 35 
202 35 
202 24 
202 21 
202 21 
202 21 
202 35 
205 35 
202 35 
202 24 
202 21 
202 21 
178 21 
202 32 
202 24 
202 21 
202 21 
202 24 
211 24 
202 32 
202 35 
202 21 
167 35 
202 24 
178 21 
202 21 
205 24 
202 24 
202 24 
194 24 
211 21 
175 21 
202 21 
205 24 
211 24 
223 24 
208 21 
657 24 
184 21 
202 35 
181 24 
202 24 
202 24 
173 21 
175 21 
175 24 
202 35 
399 21 
194 24 
167 35 
202 24 
205 21 
178 21 
202 35 
167 21 
202 21 
467 21 
175 21 
175 24 
190 24 
178 24 
167 21 
167 24 
865 35 
178 24 
202 35 
205 35 
627 24 
208 24 
205 21 
205 21 
202 32 
193 24 
208 24 
208 21 
208 24 
202 21 
181 24 
205 32 
175 35 
191 24 
202 21 
202 21 
211 24 
205 24 
858 24 
194 24 
202 21 
202 21 
205 21 
202 21 
178 21 
202 21 
178 32 
167 24 
202 21 
175 21 
291 21 
1028 35 
202 21 
202 21 
202 24 
178 21 
202 21 
205 24 
184 32 
194 24 
202 21 
175 21 
175 24 
199 35 
321 24 
202 24 
205 21 
202 21 
202 21 
202 21 
205 35 
202 21 
202 24 
1828 24 
208 21 
205 21 
181 24 
496 157 
191 24 
202 21 
167 35 
205 21 
202 21 
205 35 
832 21 
194 21 
167 35 
202 24 
202 21 
205 35 
775 21 
445 24 
559 32 
728 24 
853 32 
202 21 
205 24 
202 24 
175 35 
191 24 
202 21 
202 24 
178 21 
532 24 
202 24 
202 21 
202 21 
175 21 
202 21 
181 21 
175 24 
202 21 
202 24 
300 24 
205 21 
202 21 
181 1075 
202 24 
191 24 
202 24 
184 131 
178 21 
202 32 
202 24 
208 21 
167 21 
202 21 
178 21 
175 21 
175 24 
202 35 
167 21 
202 24 
164 21 
202 24 
202 32 
202 24 
191 21 
205 21 
167 21 
202 24 
175 21 
615 35 
178 32 
205 21 
202 21 
178 24 
202 21 
181 32 
202 24 
191 21 
205 21 
663 24 
202 21 
205 24 
312 24 
178 32 
205 21 
211 21 
538 21 
526 24 
716 35 
243 24 
261 24 
167 35 
645 32 
164 21 
802 21 
205 21 
181 32 
170 24 
167 24 
202 21 
202 32 
199 35 
0 0 
0 0 
279 220 
24 184 
21 190 
35 164 
21 202 
32 383 
24 205 
21 205 
21 205 
24 671 
24 173 
32 205 
21 178 
24 178 
21 205 
21 205 
21 202 
35 211 
35 208 
21 202 
24 181 
21 178 
24 205 
24 167 
35 205 
21 205 
24 178 
24 205 
21 178 
21 178 
32 202 
32 211 
24 178 
21 318 
21 193 
32 181 
175 21 
175 21 
194 24 
208 21 
202 21 
205 21 
205 35 
205 35 
202 21 
202 24 
164 24 
205 21 
211 32 
202 35 
205 35 
205 21 
167 21 
232 21 
202 21 
202 32 
178 21 
654 21 
312 24 
449 32 
597 24 
175 24 
882 24 
202 35 
202 21 
202 24 
202 21 
202 21 
205 24 
202 24 
606 35 
167 24 
205 21 
202 21 
202 21 
205 35 
202 35 
202 24 
205 21 
202 21 
202 21 
202 32 
202 35 
191 21 
220 315 
202 21 
202 21 
202 21 
178 24 
267 21 
175 35 
191 21 
202 24 
205 21 
202 21 
205 24 
178 32 
205 21 
202 21 
259 24 
205 24 
205 21 
167 35 
205 21 
202 24 
202 21 
205 24 
202 24 
202 24 
202 24 
191 21 
167 35 
202 24 
202 21 
178 21 
205 35 
719 21 
817 21 
167 24 
202 21 
202 32 
202 35 
191 21 
1278 21 
205 21 
202 21 
175 21 
175 24 
202 24 
194 24 
277 21 
410 24 
645 35 
674 24 
175 24 
202 21 
401 83 
202 21 
202 21 
181 21 
205 24 
285 35 
188 24 
173 35 
202 24 
178 21 
178 21 
178 32 
234 1082 
167 21 
202 21 
208 21 
202 21 
181 21 
202 24 
175 35 
164 24 
205 24 
220 24 
178 24 
205 35 
746 21 
167 24 
202 21 
202 21 
175 24 
202 35 
205 35 
167 35 
170 21 
164 24 
202 21 
202 35 
208 35 
170 35 
479 182 
202 24 
202 21 
205 24 
202 24 
178 32 
202 24 
205 21 
202 21 
868 35 
187 21 
255 21 
1709 21 
202 24 
164 24 
178 24 
205 21 
175 21 
205 35 
178 32 
202 24 
202 21 
202 21 
205 32 
175 24 
695 35 
205 21 
214 21 
342 32 
205 21 
205 35 
754 24 
892 35 
167 24 
167 24 
164 21 
202 24 
202 24 
817 21 
259 24 
202 24 
223 21 
202 21 
205 24 
178 32 
202 24 
202 21 
167 24 
208 21 
211 35 
202 35 
231 21 
202 21 
202 24 
220 32 
205 21 
178 21 
175 24 
170 24 
164 24 
202 21 
202 21 
205 32 
199 35 
202 21 
211 21 
202 24 
202 21 
181 21 
181 24 
202 24 
175 35 
167 35 
202 21 
202 24 
202 35 
205 35 
220 21 
202 21 
170 21 
202 21 
202 21 
205 24 
202 24 
202 24 
194 24 
202 21 
205 21 
202 35 
208 35 
799 24 
205 21 
187 24 
178 21 
202 21 
440 24 
184 35 
202 21 
642 24 
461 279 
425 24 
764 24 
677 21 
205 21 
164 24 
223 21 
170 24 
205 24 
205 21 
175 35 
191 21 
170 35 
205 21 
178 21 
202 21 
202 35 
1177 2059 
205 21 
205 21 
202 21 
202 32 
202 35 
202 35 
202 21 
167 24 
202 21 
205 24 
202 24 
202 24 
448 1382 
202 24 
202 21 
164 24 
202 24 
205 32 
202 24 
205 21 
202 21 
202 24 
202 21 
205 24 
202 24 
202 24 
330 21 
170 24 
202 21 
202 32 
202 35 
205 35 
202 21 
202 24 
202 21 
1569 1126 
205 24 
199 35 
178 24 
208 21 
202 21 
167 24 
205 24 
202 32 
202 24 
167 35 
202 21 
202 24 
205 21 
178 21 
202 24 
202 24 
167 35 
202 21 
871 24 
214 32 
365 21 
484 32 
621 24 
773 32 
874 35 
205 21 
205 35 
202 32 
202 24 
220 21 
205 21 
167 24 
202 21 
205 24 
202 24 
202 24 
191 24 
202 21 
202 24 
202 35 
205 35 
202 21 
202 21 
202 24 
205 21 
202 24 
223 35 
202 21 
199 21 
202 21 
202 21 
202 21 
835 35 
202 21 
178 32 
202 21 
167 21 
202 24 
190 21 
202 24 
205 24 
194 24 
202 21 
175 21 
202 21 
205 35 
205 35 
202 21 
202 21 
164 24 
202 21 
514 32 
202 24 
202 24 
202 24 
205 21 
205 21 
178 21 
202 21 
205 21 
202 24 
199 21 
202 21 
205 21 
202 32 
205 35 
205 35 
202 21 
464 35 
202 21 
205 24 
755 24 
285 32 
442 24 
559 32 
728 24 
853 32 
205 21 
178 21 
202 24 
202 24 
184 24 
202 21 
255 21 
205 24 
478 713 
21 205 
21 184 
24 178 
33 360 
142 232 
208 44 
205 27 
184 178 
30 196 
178 24 
202 24 
202 35 
333 21 
205 21 
202 21 
202 24 
205 21 
211 32 
205 24 
202 24 
202 24 
191 21 
202 24 
844 24 
178 21 
211 21 
202 24 
205 21 
202 21 
202 21 
205 21 
205 35 
202 35 
202 24 
202 21 
568 35 
205 24 
202 24 
202 24 
178 35 
191 24 
202 21 
202 21 
205 21 
187 35 
205 35 
693 24 
173 32 
170 24 
205 24 
648 21 
181 24 
175 24 
529 21 
859 24 
256 24 
205 24 
178 24 
701 35 
173 24 
526 24 
167 24 
633 24 
205 32 
178 21 
188 24 
208 21 
164 24 
419 24 
208 24 
178 21 
179 24 
202 24 
167 35 
202 21 
193 21 
208 35 
621 24 
191 21 
205 21 
202 21 
199 21 
178 24 
205 24 
181 35 
167 35 
205 21 
208 21 
178 21 
205 24 
445 24 
300 24 
164 24 
208 21 
214 21 
175 21 
205 35 
202 21 
202 24 
194 24 
202 21 
202 24 
585 21 
178 21 
175 24 
167 35 
202 24 
181 21 
205 24 
202 24 
202 24 
175 35 
191 24 
202 21 
175 21 
205 24 
380 24 
194 24 
205 21 
202 24 
202 21 
175 21 
205 24 
178 32 
175 35 
167 35 
164 21 
175 21 
202 32 
392 24 
205 21 
309 24 
719 24 
603 21 
178 21 
885 21 
205 21 
202 24 
202 21 
202 21 
202 24 
202 35 
205 35 
205 21 
167 21 
202 21 
202 21 
175 24 
202 35 
223 24 
191 21 
170 35 
205 21 
202 21 
205 24 
496 309 
170 35 
167 21 
211 21 
164 21 
202 24 
273 21 
202 35 
202 24 
202 21 
202 21 
181 21 
202 32 
178 21 
202 24 
202 21 
167 35 
205 21 
205 21 
208 21 
202 24 
202 24 
191 24 
205 21 
202 21 
178 21 
202 21 
205 24 
202 21 
167 35 
178 24 
175 21 
205 35 
202 35 
202 24 
214 24 
164 24 
202 21 
805 21 
181 21 
167 35 
360 35 
202 21 
193 113 
205 24 
579 21 
202 24 
173 35 
259 32 
407 24 
532 32 
1492 693 
208 35 
202 35 
202 24 
167 24 
202 21 
175 21 
205 35 
205 35 
176 24 
164 24 
202 21 
202 24 
615 567 
205 35 
175 24 
167 24 
164 24 
181 24 
205 32 
202 35 
178 21 
164 35 
202 21 
178 24 
1685 35 
178 24 
202 35 
191 21 
202 21 
202 24 
202 21 
202 21 
178 24 
1331 35 
202 24 
194 24 
164 21 
663 35 
199 35 
208 35 
202 21 
202 21 
202 21 
205 21 
175 24 
202 35 
205 35 
205 21 
202 24 
205 21 
202 21 
205 35 
205 35 
202 21 
202 21 
164 24 
202 21 
205 24 
202 24 
561 21 
202 24 
202 21 
167 21 
199 21 
1304 1016 
202 24 
202 24 
505 24 
446 21 
321 32 
175 24 
612 32 
763 24 
880 32 
202 21 
205 21 
202 24 
178 21 
178 21 
202 21 
167 35 
202 24 
202 21 
205 24 
202 24 
205 24 
191 21 
202 21 
175 21 
202 21 
205 35 
205 32 
178 24 
202 24 
425 600 
205 21 
202 21 
205 24 
202 24 
178 35 
167 35 
202 21 
202 21 
202 35 
205 35 
202 35 
202 24 
202 21 
202 21 
205 24 
202 32 
558 21 
191 21 
205 21 
167 21 
202 21 
948 35 
202 35 
202 21 
202 21 
1664 556 
202 21 
202 32 
202 35 
178 21 
202 24 
202 21 
202 21 
202 21 
529 338 
202 35 
202 21 
202 21 
164 24 
164 21 
202 24 
202 32 
175 35 
202 24 
205 21 
202 21 
761 473 
422 32 
573 21 
701 32 
835 24 
2657 35 
202 21 
202 32 
202 35 
205 35 
202 21 
202 21 
167 21 
202 21 
202 21 
175 24 
205 21 
202 21 
202 21 
202 21 
202 24 
202 32 
208 21 
202 21 
167 35 
205 21 
205 21 
440 24 
220 21 
202 35 
202 24 
205 21 
202 21 
202 24 
202 32 
175 35 
191 21 
205 21 
202 24 
975 24 
205 24 
202 24 
202 24 
194 24 
202 21 
202 21 
202 21 
205 35 
202 35 
202 24 
202 21 
202 21 
342 65 
202 24 
205 21 
202 24 
194 24 
208 24 
205 21 
205 24 
202 24 
205 21 
202 24 
164 24 
202 21 
181 996 
288 24 
202 24 
202 24 
191 21 
170 35 
205 21 
217 32 
359 24 
484 32 
621 24 
773 32 
874 35 
205 21 
202 35 
214 30 
0 0 
220 32 
167 24 
202 21 
205 32 
175 21 
178 32 
202 24 
170 35 
175 21 
202 21 
202 35 
205 35 
205 21 
202 21 
202 21 
205 21 
202 32 
202 35 
202 24 
202 24 
205 21 
202 21 
1245 21 
202 32 
202 24 
202 24 
217 21 
202 21 
520 21 
220 35 
205 35 
202 35 
202 21 
202 24 
202 21 
202 21 
205 24 
202 24 
202 24 
194 24 
202 21 
202 21 
205 21 
205 35 
202 35 
167 24 
205 21 
202 21 
621 24 
205 24 
178 24 
202 24 
187 21 
202 24 
205 21 
223 32 
178 21 
202 24 
202 24 
167 35 
288 24 
202 21 
205 24 
187 35 
419 24 
559 32 
728 24 
202 24 
1114 24 
199 35 
205 35 
205 24 
202 21 
202 21 
167 24 
205 32 
205 35 
202 21 
167 35 
202 24 
202 21 
205 24 
202 24 
202 24 
202 24 
191 21 
202 24 
178 24 
202 21 
205 24 
202 24 
194 24 
202 21 
202 21 
202 32 
202 35 
205 35 
202 21 
202 21 
167 24 
199 21 
205 24 
202 24 
202 24 
194 24 
205 21 
202 21 
205 21 
205 35 
202 21 
178 32 
378 35 
202 21 
369 21 
202 24 
178 24 
205 24 
345 24 
202 21 
202 21 
205 21 
205 35 
175 24 
199 21 
202 24 
205 21 
383 21 
202 21 
202 35 
202 21 
223 21 
202 21 
823 21 
196 24 
425 35 
217 24 
366 32 
514 24 
202 24 
773 27 
202 35 
205 35 
202 35 
202 24 
202 21 
202 21 
202 24 
202 24 
202 24 
202 24 
191 21 
205 92 
235 514 
205 24 
202 24 
202 24 
191 21 
202 21 
202 21 
175 24 
202 35 
205 35 
202 24 
202 21 
877 1031 
202 21 
202 24 
205 21 
202 24 
428 1165 
202 21 
202 21 
202 21 
205 35 
202 35 
202 24 
202 21 
202 21 
493 21 
205 24 
202 24 
202 24 
194 24 
202 21 
202 21 
214 24 
184 21 
175 35 
161 35 
202 21 
202 21 
178 24 
202 21 
624 375 
202 24 
202 21 
202 21 
167 24 
205 24 
202 32 
202 24 
191 21 
202 21 
276 710 
205 21 
178 21 
609 35 
190 35 
312 24 
452 32 
597 24 
722 35 
897 21 
205 35 
202 24 
202 21 
847 21 
202 24 
202 35 
205 35 
205 21 
526 532 
202 24 
205 21 
205 24 
184 21 
188 24 
191 21 
202 21 
175 21 
202 21 
205 35 
202 35 
205 21 
164 24 
205 21 
202 21 
202 24 
202 32 
549 21 
202 24 
194 24 
770 35 
205 24 
202 24 
178 32 
202 24 
191 21 
205 21 
205 21 
202 21 
205 24 
202 24 
202 24 
194 24 
202 21 
202 24 
181 21 
205 35 
205 21 
202 21 
202 21 
205 21 
202 32 
202 35 
202 35 
202 21 
202 21 
440 21 
202 21 
202 24 
208 24 
279 32 
360 35 
446 32 
253 24 
419 24 
205 24 
181 32 
164 24 
244 32 
621 21 
535 32 
683 24 
178 24 
167 35 
205 21 
202 24 
202 21 
202 24 
327 35 
178 24 
223 24 
202 24 
164 24 
178 21 
202 24 
208 24 
191 21 
211 24 
167 24 
167 24 
202 24 
202 32 
202 24 
205 21 
205 21 
214 116 
202 21 
199 35 
205 35 
202 35 
202 24 
205 21 
229 24 
202 24 
202 32 
202 24 
191 21 
202 21 
229 32 
175 21 
202 21 
202 21 
202 24 
167 35 
202 21 
202 21 
811 71 
205 24 
202 24 
202 24 
194 24 
1394 35 
202 21 
205 24 
202 24 
202 24 
194 24 
202 24 
220 32 
205 21 
205 24 
202 24 
193 24 
202 21 
437 24 
205 24 
187 21 
202 35 
178 32 
434 21 
202 24 
345 32 
478 24 
731 21 
823 35 
880 32 
202 21 
205 21 
202 21 
205 32 
202 35 
859 21 
191 21 
202 21 
202 21 
175 21 
202 32 
194 24 
202 21 
202 21 
202 24 
178 21 
205 24 
205 21 
208 24 
191 21 
205 21 
202 21 
205 21 
205 35 
164 35 
