205 24 
151 21 
205 21 
300 21 
205 21 
184 24 
205 21 
208 32 
178 21 
173 24 
0 0 
0 0 
0 0 
187 32 
181 35 
170 32 
170 32 
419 21 
211 33 
205 21 
383 24 
178 21 
170 32 
179 21 
211 24 
181 24 
196 24 
181 21 
170 21 
173 24 
211 24 
214 21 
181 21 
838 21 
184 35 
274 32 
173 24 
377 24 
1851 214 
214 21 
187 35 
170 35 
170 32 
211 21 
238 21 
181 24 
211 24 
178 35 
170 21 
402 24 
577 24 
594 24 
743 24 
205 32 
179 24 
208 24 
178 24 
175 24 
181 24 
214 32 
220 24 
193 32 
829 24 
178 21 
178 21 
178 24 
178 21 
208 21 
208 21 
170 24 
241 21 
181 24 
205 32 
178 35 
199 24 
170 24 
181 21 
1361 24 
288 24 
178 24 
167 32 
268 32 
170 21 
190 24 
214 32 
178 21 
202 32 
226 24 
170 32 
184 24 
181 24 
181 21 
255 21 
167 35 
1382 24 
181 24 
175 24 
181 24 
178 21 
181 35 
182 24 
167 24 
196 24 
374 116 
205 21 
680 21 
170 32 
188 24 
256 24 
214 24 
196 21 
181 21 
167 35 
170 32 
173 32 
196 24 
588 24 
184 24 
187 21 
181 32 
170 24 
170 21 
214 24 
594 21 
211 21 
178 21 
321 24 
170 32 
205 21 
196 24 
211 35 
202 35 
181 32 
268 24 
167 21 
196 24 
184 21 
211 35 
176 32 
170 21 
220 24 
181 24 
181 21 
178 24 
178 24 
211 21 
170 24 
193 24 
187 24 
214 35 
487 285 
178 32 
205 21 
167 32 
461 24 
205 24 
291 21 
246 24 
217 21 
214 24 
217 24 
250 21 
199 21 
211 24 
208 24 
181 35 
214 24 
170 21 
190 24 
178 24 
205 24 
365 21 
482 21 
179 24 
211 21 
178 24 
178 21 
178 21 
181 35 
306 24 
226 35 
202 24 
181 24 
181 32 
436 24 
167 35 
184 21 
556 222 
273 24 
178 21 
181 32 
173 21 
711 24 
348 32 
282 642 
211 35 
178 32 
202 24 
173 24 
170 32 
164 24 
178 21 
178 21 
170 32 
214 21 
173 21 
226 32 
835 24 
306 24 
181 21 
170 32 
205 24 
205 24 
181 24 
229 32 
181 24 
184 35 
211 24 
167 32 
229 32 
758 35 
184 24 
184 24 
170 32 
179 24 
170 21 
297 21 
196 21 
176 27 
170 21 
283 48 
244 282 
217 24 
184 24 
217 24 
184 32 
229 339 
176 30 
181 211 
184 27 
190 24 
832 27 
173 101 
366 184 
401 214 
35 348 
24 612 
38 276 
199 59 
178 32 
170 21 
214 24 
211 21 
211 21 
205 32 
178 21 
170 32 
205 24 
164 24 
178 24 
178 24 
178 24 
399 24 
178 35 
202 21 
175 21 
178 24 
217 24 
754 24 
214 24 
188 24 
208 24 
181 24 
285 24 
181 35 
178 35 
178 35 
170 21 
170 21 
178 24 
193 35 
167 21 
167 35 
280 32 
214 21 
208 21 
193 21 
466 24 
181 32 
170 21 
170 24 
184 21 
205 24 
205 32 
170 21 
173 32 
170 32 
181 24 
178 24 
178 24 
288 21 
993 32 
176 24 
181 21 
205 24 
395 21 
205 32 
249 21 
170 21 
170 32 
167 24 
175 21 
211 170 
24 181 
24 184 
178 214 
27 396 
184 247 
35 217 
35 181 
38 181 
27 211 
21 181 
41 193 
24 193 
24 170 
32 184 
27 211 
24 196 
30 217 
226 35 
208 193 
35 220 
32 178 
24 178 
24 181 
24 184 
24 173 
24 571 
35 214 
21 205 
35 184 
24 178 
21 178 
21 205 
35 170 
35 170 
24 211 
24 199 
21 178 
24 306 
24 253 
35 170 
24 181 
21 178 
24 276 
24 644 
24 181 
32 274 
24 181 
21 211 
24 205 
24 217 
27 205 
38 187 
32 220 
217 187 
27 306 
24 190 
21 182 
505 264 
33 217 
185 24 
306 24 
187 24 
214 27 
190 35 
240 184 
38 318 
24 187 
24 190 
217 190 
33 286 
24 214 
24 196 
35 484 
21 211 
208 41 
214 32 
187 24 
214 24 
211 27 
853 24 
176 30 
190 214 
255 936 
190 41 
243 223 
24 196 
24 784 
24 1450 
24 211 
193 347 
187 205 
38 511 
193 27 
199 279 
36 217 
24 187 
24 176 
38 208 
182 179 
788 372 
170 27 
244 271 
24 280 
181 184 
38 327 
190 24 
419 306 
24 190 
220 187 
24 182 
754 24 
184 38 
173 24 
187 24 
202 21 
235 238 
30 176 
193 24 
214 223 
21 196 
27 187 
30 188 
190 35 
220 24 
184 35 
184 24 
256 24 
193 27 
205 181 
35 187 
24 297 
30 184 
21 193 
24 190 
24 193 
181 318 
38 211 
27 208 
24 202 
24 407 
21 181 
24 214 
35 196 
35 181 
24 404 
30 187 
187 24 
333 35 
425 2662 
671 214 
24 187 
24 775 
975 35 
184 24 
190 32 
181 35 
303 30 
624 24 
223 267 
24 249 
21 220 
24 170 
205 33 
187 196 
182 202 
27 190 
24 384 
27 324 
176 27 
179 27 
193 27 
223 30 
217 199 
33 187 
35 294 
185 27 
190 30 
196 255 
24 196 
193 36 
187 44 
181 199 
24 782 
38 187 
24 181 
184 21 
193 24 
184 35 
184 190 
27 184 
24 208 
181 24 
187 24 
181 24 
240 24 
864 181 
24 187 
505 193 
199 24 
196 24 
211 234 
187 35 
179 27 
220 24 
259 27 
190 282 
24 692 
24 223 
21 181 
24 380 
220 21 
217 35 
202 181 
184 38 
187 41 
205 241 
24 187 
24 737 
24 188 
24 196 
35 211 
205 35 
220 24 
184 24 
187 24 
205 35 
190 21 
240 181 
35 253 
30 193 
30 214 
27 181 
24 240 
187 35 
396 208 
24 440 
24 181 
268 184 
21 187 
24 173 
279 24 
187 184 
30 184 
24 205 
1682 181 
27 223 
24 170 
24 167 
167 21 
184 24 
312 261 
24 187 
170 24 
214 24 
184 35 
208 187 
187 190 
24 173 
21 184 
35 181 
38 199 
776 176 
27 181 
33 184 
24 184 
187 24 
190 35 
185 170 
27 211 
24 184 
927 35 
850 223 
38 187 
24 187 
24 202 
24 211 
24 199 
187 193 
187 184 
24 193 
220 187 
21 176 
24 193 
24 184 
24 2443 
41 190 
35 181 
217 27 
422 24 
176 27 
193 24 
214 30 
817 35 
173 24 
187 24 
187 21 
663 30 
205 24 
176 27 
179 24 
211 24 
217 27 
303 24 
193 187 
32 443 
35 220 
24 229 
24 184 
24 220 
24 187 
288 24 
179 176 
187 33 
205 24 
196 193 
27 220 
226 184 
205 271 
41 229 
220 184 
24 1016 
612 24 
193 44 
184 184 
33 267 
24 220 
223 27 
214 35 
202 193 
24 199 
27 190 
259 226 
27 187 
24 214 
24 223 
199 179 
208 24 
184 35 
190 202 
217 184 
27 191 
205 187 
24 1795 
187 41 
214 324 
24 217 
41 193 
38 196 
27 214 
38 229 
187 33 
167 35 
187 217 
21 181 
431 1025 
181 181 
24 538 
178 35 
181 27 
173 21 
211 21 
187 24 
639 21 
193 24 
642 187 
24 220 
27 300 
30 170 
38 1658 
41 731 
38 184 
33 217 
30 237 
24 182 
30 173 
86 187 
176 27 
895 38 
170 21 
214 30 
190 24 
190 35 
644 24 
176 27 
214 27 
232 280 
246 27 
246 24 
243 193 
38 187 
235 24 
241 234 
30 270 
35 208 
24 473 
44 190 
185 24 
413 193 
193 193 
27 205 
202 187 
27 196 
24 176 
30 609 
27 179 
30 243 
265 24 
232 202 
27 205 
184 194 
36 187 
27 601 
27 205 
190 193 
27 190 
35 1019 
27 181 
214 30 
187 187 
24 731 
33 176 
35 205 
1910 288 
24 196 
27 199 
24 297 
24 179 
38 223 
24 179 
35 187 
24 342 
196 24 
181 208 
24 621 
202 33 
196 35 
1311 184 
24 193 
30 671 
318 190 
24 176 
220 27 
199 196 
384 24 
190 24 
181 205 
24 190 
35 184 
35 2535 
173 32 
205 21 
170 24 
583 262 
808 21 
238 21 
246 21 
205 24 
238 21 
179 24 
211 24 
211 32 
205 32 
3649 205 
170 32 
182 21 
170 24 
559 21 
208 35 
181 21 
194 21 
595 604 
208 21 
181 24 
184 21 
208 32 
196 35 
1471 21 
208 21 
170 21 
208 21 
184 21 
181 32 
181 32 
208 21 
211 21 
184 24 
187 21 
181 21 
820 24 
214 24 
217 24 
170 24 
178 24 
205 24 
178 21 
170 21 
214 24 
205 21 
178 24 
181 24 
178 21 
181 32 
205 21 
173 21 
167 24 
223 32 
1254 1524 
228 24 
173 21 
806 21 
568 32 
538 21 
178 21 
181 24 
205 32 
208 24 
167 24 
205 21 
205 21 
208 32 
205 32 
208 24 
208 24 
208 21 
395 600 
181 24 
205 32 
202 24 
1156 306 
202 21 
170 24 
205 21 
205 21 
205 21 
205 24 
205 21 
205 21 
205 21 
205 24 
205 32 
193 41 
208 21 
208 24 
205 21 
478 21 
624 35 
208 24 
194 24 
170 32 
205 24 
208 24 
205 32 
208 35 
194 24 
194 24 
205 24 
205 21 
208 21 
208 35 
208 32 
766 24 
0 0 
0 0 
178 21 
208 35 
205 32 
187 21 
170 24 
559 820 
170 21 
208 21 
437 21 
184 32 
178 32 
205 24 
205 24 
205 24 
205 32 
205 32 
264 24 
205 24 
176 24 
645 35 
440 24 
603 21 
208 24 
404 24 
182 24 
190 35 
178 24 
205 32 
205 32 
178 35 
181 35 
1204 1652 
205 24 
187 21 
178 24 
205 32 
170 32 
232 21 
205 21 
202 24 
205 21 
178 21 
205 21 
182 21 
191 24 
190 21 
202 24 
205 32 
178 21 
167 35 
205 24 
205 21 
178 21 
178 24 
353 21 
211 24 
205 24 
208 24 
523 532 
205 21 
211 35 
205 32 
208 24 
208 24 
208 24 
181 24 
178 21 
178 24 
191 24 
170 32 
208 24 
205 21 
205 21 
205 32 
211 21 
184 32 
170 21 
205 24 
178 24 
707 21 
205 32 
205 32 
170 21 
170 24 
205 21 
312 21 
229 35 
217 21 
194 21 
191 24 
707 24 
190 21 
365 21 
205 32 
906 35 
806 24 
211 21 
164 24 
588 143 
178 24 
205 32 
208 24 
205 24 
205 21 
205 21 
178 24 
205 21 
205 24 
205 21 
202 21 
173 21 
630 113 
205 32 
205 24 
205 21 
170 24 
205 24 
202 24 
178 24 
205 24 
205 24 
205 21 
205 24 
205 24 
205 21 
205 32 
205 24 
258 21 
202 21 
1293 32 
205 24 
178 21 
252 21 
205 21 
194 21 
205 24 
175 24 
178 24 
205 21 
205 21 
205 24 
205 24 
170 24 
205 24 
211 21 
205 32 
208 24 
377 21 
170 32 
205 21 
205 21 
624 35 
208 24 
205 24 
205 21 
170 21 
205 24 
205 32 
205 32 
288 32 
194 24 
205 24 
205 24 
223 157 
318 24 
472 21 
1430 24 
205 21 
205 24 
178 21 
175 21 
205 32 
205 32 
170 32 
211 24 
170 24 
306 24 
208 32 
178 21 
176 24 
205 21 
211 24 
208 24 
178 21 
333 24 
205 24 
170 24 
170 21 
170 24 
205 21 
205 32 
959 24 
181 32 
205 21 
205 24 
205 24 
205 21 
181 24 
208 24 
205 21 
185 24 
170 24 
713 24 
205 32 
178 24 
202 24 
170 32 
208 24 
226 35 
205 24 
205 32 
205 32 
208 24 
208 24 
205 21 
178 24 
181 21 
181 35 
181 35 
170 21 
205 24 
181 21 
181 24 
205 21 
178 21 
208 24 
170 24 
211 21 
205 21 
882 24 
511 1141 
205 24 
205 21 
173 24 
505 21 
181 21 
267 21 
644 24 
170 21 
167 35 
838 38 
288 24 
184 24 
208 35 
170 21 
196 24 
205 24 
214 24 
178 21 
193 35 
205 21 
167 35 
170 21 
181 24 
256 21 
205 21 
1212 24 
262 32 
167 24 
205 21 
345 24 
205 32 
178 21 
199 32 
220 21 
176 21 
428 21 
205 21 
309 21 
205 32 
167 35 
167 35 
205 24 
205 24 
205 32 
205 32 
205 21 
699 21 
205 24 
205 24 
205 35 
190 21 
205 21 
1135 44 
205 21 
205 24 
205 24 
205 21 
205 32 
205 24 
205 21 
194 21 
205 24 
205 32 
205 32 
205 21 
194 21 
205 24 
205 24 
205 21 
205 35 
205 35 
194 24 
205 24 
208 24 
205 21 
205 21 
205 32 
214 24 
368 21 
479 24 
627 21 
779 24 
205 24 
2707 24 
205 24 
205 21 
205 24 
205 24 
205 21 
205 32 
205 24 
243 24 
208 24 
208 24 
205 21 
205 24 
205 32 
205 32 
208 24 
205 24 
205 21 
205 21 
205 21 
205 21 
208 24 
170 24 
205 24 
205 24 
205 21 
205 32 
205 24 
205 21 
194 21 
205 24 
205 32 
205 32 
205 21 
244 21 
205 24 
205 24 
205 24 
181 24 
205 32 
205 21 
194 21 
205 24 
205 24 
205 21 
205 35 
205 32 
205 24 
208 24 
208 24 
205 21 
205 24 
205 32 
205 32 
208 24 
205 24 
205 21 
205 21 
205 21 
205 21 
205 24 
797 24 
205 24 
208 24 
205 32 
208 35 
194 24 
283 24 
437 21 
565 24 
713 24 
859 24 
205 21 
194 21 
205 24 
205 24 
707 975 
205 35 
205 32 
208 32 
208 24 
205 24 
205 21 
205 21 
205 21 
205 21 
205 24 
401 24 
202 24 
205 24 
205 32 
205 32 
205 21 
194 21 
173 32 
205 21 
205 21 
205 35 
208 32 
208 24 
208 24 
205 24 
205 24 
205 24 
205 32 
205 21 
208 24 
205 21 
205 24 
205 21 
205 21 
208 24 
205 24 
181 35 
205 24 
205 24 
205 32 
205 32 
205 21 
194 21 
205 24 
205 24 
205 21 
205 35 
205 35 
194 24 
205 24 
205 24 
205 21 
205 35 
205 35 
194 24 
205 24 
208 24 
354 402 
205 24 
205 32 
205 32 
208 24 
226 21 
372 24 
520 21 
645 24 
793 21 
871 24 
205 24 
208 24 
205 21 
205 24 
208 21 
205 21 
205 24 
431 24 
205 24 
208 24 
205 32 
208 35 
194 24 
205 24 
208 24 
205 21 
205 21 
205 32 
205 32 
208 24 
208 24 
205 24 
205 24 
205 24 
205 32 
205 32 
208 24 
208 24 
205 21 
205 24 
205 32 
205 32 
208 24 
526 24 
205 21 
205 21 
205 21 
205 21 
205 24 
205 21 
205 21 
205 24 
205 21 
606 746 
205 21 
205 24 
205 21 
205 21 
205 21 
205 21 
205 21 
208 24 
205 21 
205 24 
205 24 
205 21 
205 32 
205 24 
205 21 
506 461 
205 24 
208 24 
205 32 
181 21 
194 21 
205 24 
176 24 
306 21 
458 24 
603 21 
728 24 
865 21 
194 21 
205 24 
208 24 
205 32 
208 35 
194 24 
205 24 
208 24 
205 21 
841 21 
205 32 
205 21 
167 35 
205 21 
315 21 
190 24 
217 32 
211 32 
178 21 
205 24 
244 32 
202 24 
181 21 
205 32 
205 32 
185 21 
167 35 
461 190 
181 21 
178 21 
205 35 
208 21 
191 24 
205 24 
205 24 
205 21 
205 35 
205 35 
194 24 
812 110 
208 24 
205 24 
205 24 
205 32 
205 21 
217 24 
208 24 
205 21 
205 21 
205 32 
205 32 
208 24 
208 24 
205 24 
205 24 
205 24 
205 32 
205 32 
208 24 
205 24 
205 21 
205 21 
205 21 
419 75 
205 24 
205 21 
205 24 
259 24 
178 21 
535 24 
686 21 
800 24 
205 24 
205 24 
205 32 
205 32 
205 21 
194 21 
205 24 
205 24 
345 32 
205 24 
205 32 
1845 21 
205 24 
205 24 
205 21 
205 21 
208 21 
208 24 
205 24 
205 21 
205 24 
205 24 
205 32 
205 32 
205 21 
194 21 
205 24 
205 24 
202 24 
205 32 
205 32 
208 24 
205 24 
205 21 
205 24 
838 21 
208 35 
194 24 
205 24 
205 24 
202 21 
205 21 
205 32 
205 21 
194 21 
205 24 
205 24 
951 21 
205 32 
205 32 
205 21 
194 21 
205 24 
205 24 
205 21 
205 35 
205 35 
194 24 
205 24 
205 24 
205 21 
205 35 
208 32 
205 32 
208 24 
404 24 
202 24 
187 21 
327 24 
472 21 
586 24 
758 21 
886 24 
187 24 
205 21 
205 32 
205 24 
205 21 
194 21 
205 24 
205 32 
205 32 
205 21 
173 32 
208 24 
205 24 
205 21 
178 21 
205 32 
205 32 
208 24 
208 24 
205 21 
205 24 
205 32 
208 21 
205 24 
205 21 
205 21 
1230 24 
205 21 
205 32 
205 24 
205 21 
194 21 
205 24 
205 32 
205 35 
205 35 
194 24 
205 24 
205 24 
205 21 
205 35 
178 21 
194 21 
205 24 
205 24 
205 21 
205 21 
205 32 
205 32 
208 24 
208 24 
205 24 
205 24 
205 24 
261 603 
205 24 
205 21 
194 21 
205 24 
205 32 
205 32 
205 21 
194 21 
205 24 
205 24 
208 24 
291 24 
422 21 
419 24 
553 21 
696 24 
841 21 
202 24 
205 21 
208 21 
205 24 
205 21 
205 21 
205 21 
211 32 
205 32 
205 21 
194 21 
205 24 
645 32 
205 21 
205 21 
205 21 
205 24 
205 21 
205 21 
205 21 
208 21 
205 32 
205 24 
205 21 
194 21 
205 24 
205 32 
205 32 
205 21 
194 21 
205 24 
205 24 
205 21 
205 35 
205 35 
194 24 
170 32 
208 24 
205 21 
205 21 
205 32 
205 32 
208 24 
202 24 
205 24 
205 21 
205 35 
205 35 
520 21 
205 21 
194 21 
205 24 
205 32 
205 32 
205 21 
194 21 
205 24 
205 24 
205 21 
205 35 
205 35 
194 24 
205 24 
208 24 
205 21 
205 21 
1046 21 
205 24 
365 21 
479 24 
630 24 
776 24 
202 24 
205 32 
187 32 
205 21 
205 21 
205 24 
205 21 
205 21 
208 24 
205 24 
205 21 
205 24 
2954 163 
202 24 
205 32 
205 32 
208 24 
205 24 
205 21 
205 21 
205 21 
205 21 
208 24 
205 21 
205 24 
205 24 
205 21 
205 32 
184 166 
194 21 
205 24 
205 24 
369 21 
208 32 
205 32 
208 24 
205 24 
205 21 
205 21 
205 21 
205 21 
205 24 
187 24 
0 0 
181 24 
214 32 
205 21 
208 24 
208 21 
194 21 
205 24 
208 24 
205 32 
205 32 
205 32 
208 24 
205 24 
205 21 
178 24 
205 21 
205 21 
205 24 
205 21 
205 21 
205 21 
205 21 
205 21 
618 21 
286 24 
437 21 
181 24 
725 21 
859 24 
205 35 
194 24 
205 24 
205 24 
205 21 
205 35 
205 32 
205 32 
413 24 
205 24 
205 24 
205 21 
205 35 
205 35 
194 24 
208 24 
208 24 
205 21 
205 24 
205 32 
205 32 
208 24 
205 24 
205 21 
205 21 
205 21 
205 21 
205 24 
205 21 
205 21 
205 21 
205 21 
205 21 
205 24 
205 21 
205 21 
467 852 
205 21 
205 32 
205 32 
208 24 
208 24 
205 24 
205 24 
205 24 
205 32 
205 21 
892 32 
208 24 
205 21 
205 21 
205 21 
205 21 
208 24 
3634 24 
205 24 
205 24 
205 32 
205 32 
205 21 
194 21 
205 24 
205 24 
205 21 
205 35 
205 35 
194 24 
238 21 
375 24 
520 21 
645 24 
793 21 
871 24 
167 32 
208 24 
205 21 
205 24 
205 32 
205 32 
208 24 
205 24 
205 21 
205 21 
205 21 
205 21 
249 24 
205 24 
205 24 
205 21 
205 21 
205 32 
205 32 
208 24 
208 24 
205 24 
205 24 
205 24 
205 32 
205 21 
208 24 
205 21 
205 24 
205 21 
205 21 
208 24 
205 24 
205 21 
205 24 
205 24 
651 24 
205 21 
205 24 
1712 35 
205 24 
205 24 
205 21 
205 35 
205 35 
194 24 
205 24 
205 24 
205 21 
205 35 
205 32 
205 32 
208 24 
208 24 
205 21 
205 24 
205 32 
205 32 
208 24 
205 24 
205 21 
205 21 
205 21 
205 21 
205 24 
306 24 
170 24 
306 21 
458 24 
603 21 
728 24 
865 21 
194 21 
205 24 
208 24 
205 32 
208 35 
194 24 
205 24 
208 24 
205 21 
205 21 
205 32 
205 32 
208 24 
205 24 
205 24 
205 24 
205 24 
205 32 
205 21 
170 24 
205 21 
205 21 
205 21 
208 21 
208 24 
205 24 
208 21 
205 24 
208 24 
217 32 
205 32 
205 21 
208 24 
205 21 
205 24 
205 21 
205 21 
208 24 
205 24 
208 21 
205 24 
208 24 
205 32 
208 35 
194 24 
289 24 
205 21 
205 24 
205 21 
205 21 
208 24 
205 24 
205 21 
205 24 
205 24 
205 32 
205 32 
205 21 
194 21 
205 24 
205 24 
205 21 
205 35 
205 35 
194 24 
208 24 
208 24 
247 24 
389 21 
538 24 
686 21 
800 24 
205 24 
205 24 
205 21 
205 32 
205 24 
205 21 
194 21 
205 24 
208 24 
205 32 
208 35 
194 24 
208 24 
208 24 
205 21 
205 24 
208 21 
205 21 
205 24 
205 21 
205 21 
205 21 
205 21 
205 21 
205 24 
205 21 
324 24 
178 24 
532 32 
205 35 
178 24 
205 24 
208 24 
205 24 
205 21 
178 21 
205 32 
205 24 
990 32 
170 32 
205 21 
202 21 
176 173 
21 173 
21 178 
24 211 
35 214 
226 24 
181 21 
220 238 
184 202 
24 173 
24 181 
21 187 
24 552 
24 170 
21 214 
35 264 
170 38 
520 484 
297 24 
184 35 
235 196 
173 38 
181 21 
1147 24 
223 24 
740 27 
187 188 
211 27 
182 24 
170 24 
889 24 
178 21 
205 21 
208 32 
211 24 
384 24 
231 24 
184 21 
205 21 
208 35 
208 32 
170 21 
170 24 
167 24 
181 24 
205 21 
208 32 
205 32 
170 21 
1614 38 
205 21 
205 21 
181 24 
205 32 
208 24 
387 1017 
205 21 
205 21 
220 32 
178 21 
205 21 
170 24 
205 24 
315 21 
288 24 
205 24 
205 21 
208 24 
170 24 
170 24 
205 21 
208 35 
181 21 
208 24 
194 21 
1002 35 
294 24 
725 21 
208 35 
208 24 
208 24 
187 35 
208 24 
208 21 
208 35 
208 35 
208 35 
208 21 
167 24 
309 21 
208 21 
178 21 
181 21 
324 24 
205 24 
838 24 
170 21 
208 35 
205 32 
181 32 
535 21 
170 35 
487 24 
190 24 
181 21 
184 35 
194 21 
170 35 
208 24 
208 21 
208 35 
181 21 
194 24 
170 35 
208 21 
208 21 
205 21 
208 32 
208 21 
208 24 
170 24 
205 21 
205 21 
208 35 
211 35 
205 21 
205 24 
208 21 
208 21 
178 21 
208 32 
205 35 
208 21 
170 24 
167 24 
184 24 
178 21 
208 21 
181 32 
208 21 
205 24 
205 24 
942 32 
208 32 
205 32 
208 24 
208 24 
170 24 
205 21 
205 21 
208 32 
178 24 
170 32 
419 24 
205 21 
205 21 
178 24 
220 24 
208 24 
214 21 
205 24 
211 182 
184 35 
211 24 
211 176 
24 692 
30 217 
41 226 
252 24 
202 193 
35 478 
193 196 
443 176 
187 30 
205 27 
722 21 
205 35 
208 24 
194 21 
205 24 
205 24 
440 35 
205 32 
181 32 
208 24 
181 35 
170 24 
208 24 
205 32 
181 21 
353 21 
208 21 
205 24 
181 24 
205 21 
535 21 
205 24 
208 24 
208 24 
167 21 
211 21 
205 32 
205 35 
205 24 
208 21 
205 24 
591 24 
900 247 
178 24 
211 24 
208 24 
208 24 
205 24 
208 24 
205 32 
208 35 
194 24 
170 35 
205 24 
205 21 
205 21 
419 32 
178 21 
208 21 
205 24 
214 24 
178 21 
187 24 
178 21 
939 1774 
187 32 
173 21 
205 21 
205 21 
208 32 
356 21 
181 32 
167 24 
217 24 
178 21 
184 24 
710 21 
448 24 
788 35 
440 21 
175 24 
728 21 
553 24 
208 21 
214 24 
208 21 
187 24 
205 21 
208 35 
208 35 
208 32 
208 21 
205 24 
205 21 
205 21 
181 21 
181 21 
170 32 
170 32 
208 24 
208 21 
181 21 
208 32 
205 21 
208 24 
205 21 
205 24 
205 21 
814 21 
288 21 
208 21 
167 21 
170 24 
205 21 
208 24 
178 24 
178 24 
223 21 
211 21 
173 24 
178 24 
181 24 
211 21 
178 35 
170 21 
363 35 
181 24 
211 24 
181 24 
178 24 
170 32 
170 21 
238 32 
181 24 
1304 21 
190 32 
339 243 
30 190 
184 35 
282 357 
214 187 
208 30 
208 244 
24 291 
170 179 
187 30 
187 41 
217 179 
27 570 
30 214 
30 228 
27 193 
41 184 
30 253 
38 187 
24 184 
30 187 
30 179 
24 181 
41 217 
41 187 
35 184 
27 187 
33 442 
30 695 
27 173 
38 184 
38 187 
30 184 
30 279 
30 176 
30 170 
24 173 
38 220 
27 606 
27 187 
27 190 
30 184 
24 187 
38 184 
30 184 
38 190 
35 303 
27 178 
27 173 
44 202 
41 205 
27 817 
27 187 
30 176 
30 211 
27 211 
38 211 
27 170 
41 1123 
907 27 
443 38 
217 27 
196 30 
193 27 
226 288 
27 190 
27 173 
30 199 
38 223 
392 41 
184 27 
225 30 
193 27 
235 41 
176 30 
282 24 
820 21 
179 167 
24 235 
24 217 
33 229 
24 178 
38 214 
38 235 
30 285 
30 190 
27 247 
30 179 
41 354 
24 312 
27 502 
27 520 
1043 41 
187 27 
291 211 
184 41 
3186 51 
220 30 
205 41 
196 30 
205 44 
187 41 
187 41 
173 27 
217 33 
249 179 
51 223 
303 27 
214 27 
211 33 
193 30 
187 27 
193 27 
184 27 
356 80 
243 33 
228 30 
479 33 
389 615 
187 30 
187 38 
211 30 
196 24 
179 30 
220 41 
187 27 
190 27 
214 47 
214 184 
270 262 
443 481 
57 232 
190 38 
184 30 
220 27 
199 27 
182 27 
176 27 
187 41 
184 27 
214 27 
211 30 
190 33 
479 24 
770 250 
214 41 
270 27 
181 30 
181 179 
27 217 
30 184 
27 286 
30 479 
30 214 
41 297 
41 223 
30 187 
33 244 
33 217 
30 176 
27 253 
38 410 
30 184 
30 725 
30 193 
27 901 
41 217 
30 190 
27 190 
30 187 
27 1191 
27 303 
30 214 
24 241 
176 30 
199 27 
217 35 
250 41 
190 30 
217 30 
181 33 
255 30 
440 659 
244 27 
184 30 
187 27 
190 44 
193 179 
30 282 
27 246 
30 199 
30 187 
33 187 
41 713 
27 184 
33 228 
30 190 
30 184 
27 333 
41 184 
35 184 
30 187 
30 176 
27 187 
27 226 
27 217 
41 187 
27 184 
30 190 
27 184 
30 182 
30 398 
38 214 
30 202 
30 184 
27 190 
24 181 
30 190 
38 190 
35 187 
38 190 
27 184 
27 190 
30 748 
30 235 
38 187 
30 187 
27 211 
30 211 
27 193 
41 187 
38 187 
44 220 
92 220 
176 27 
187 27 
511 27 
226 27 
246 24 
264 229 
24 214 
303 41 
244 173 
21 193 
220 24 
226 38 
217 27 
211 38 
193 187 
24 184 
288 38 
699 223 
41 214 
199 33 
223 41 
187 30 
187 30 
202 30 
187 27 
446 41 
235 41 
214 30 
238 30 
184 30 
235 24 
184 38 
208 27 
208 27 
196 27 
181 244 
190 38 
190 35 
176 24 
214 24 
217 30 
0 0 
0 0 
217 35 
211 30 
199 24 
184 193 
30 170 
30 280 
30 187 
47 184 
30 202 
33 243 
30 187 
41 187 
30 187 
41 202 
33 1735 
30 217 
27 184 
27 220 
33 217 
27 173 
38 550 
27 241 
33 173 
30 173 
30 199 
41 226 
27 395 
35 199 
431 247 
553 27 
672 30 
244 27 
1034 41 
184 44 
173 27 
199 27 
184 27 
184 24 
368 27 
193 41 
220 33 
537 193 
202 36 
187 30 
217 38 
238 27 
193 27 
306 30 
237 27 
176 33 
196 280 
247 187 
24 190 
41 377 
30 193 
33 187 
30 196 
27 354 
30 193 
38 300 
38 184 
27 190 
30 181 
30 271 
27 788 
30 199 
41 190 
44 184 
27 176 
30 347 
41 184 
41 187 
38 214 
50 205 
30 184 
30 280 
27 176 
27 381 
30 205 
30 187 
30 187 
30 173 
30 179 
24 283 
33 214 
44 184 
27 882 
33 181 
33 231 
33 184 
33 173 
249 256 
30 208 
30 187 
33 187 
27 543 
199 44 
885 27 
193 33 
410 36 
342 41 
184 27 
627 41 
220 38 
217 33 
179 27 
173 27 
247 2057 
184 30 
179 27 
190 30 
181 30 
184 30 
446 24 
187 33 
211 38 
187 41 
184 27 
270 38 
184 27 
211 30 
184 30 
223 38 
261 27 
285 41 
179 27 
196 24 
253 27 
214 41 
184 35 
187 35 
880 152 
241 38 
190 44 
259 27 
508 38 
229 57 
193 33 
190 27 
170 33 
309 30 
223 38 
187 38 
255 27 
211 27 
211 27 
173 27 
318 33 
190 38 
205 27 
662 532 
187 27 
220 41 
181 71 
262 30 
190 38 
173 24 
187 38 
731 27 
844 517 
455 30 
184 321 
38 190 
35 244 
27 208 
193 187 
199 35 
214 35 
193 38 
250 41 
220 27 
190 27 
211 41 
455 27 
517 38 
713 27 
873 707 
1008 176 
235 844 
24 187 
211 1046 
187 184 
217 262 
238 24 
223 229 
181 190 
27 217 
21 879 
211 35 
178 21 
208 24 
184 35 
274 35 
179 24 
731 443 
178 24 
181 35 
184 35 
312 24 
170 32 
205 24 
178 24 
205 32 
520 21 
181 32 
170 24 
303 24 
553 32 
386 24 
238 21 
181 24 
170 32 
259 35 
187 24 
175 24 
181 21 
261 21 
208 24 
170 24 
574 32 
208 24 
202 1385 
211 35 
167 35 
2437 21 
170 32 
211 21 
178 21 
181 21 
300 32 
178 21 
407 24 
181 24 
181 24 
178 21 
181 21 
184 35 
170 24 
170 24 
211 24 
178 24 
639 335 
564 24 
179 24 
1127 24 
401 21 
178 24 
844 35 
208 32 
309 24 
170 24 
193 21 
184 24 
181 24 
214 35 
178 21 
259 35 
176 95 
170 24 
253 24 
181 24 
380 21 
181 35 
671 24 
170 32 
170 21 
208 35 
205 32 
184 35 
217 21 
773 867 
170 24 
244 196 
24 202 
202 21 
193 32 
226 32 
217 259 
223 27 
184 190 
32 294 
181 234 
39 380 
1165 454 
755 24 
170 24 
217 35 
188 30 
220 208 
27 249 
196 24 
184 24 
181 24 
190 24 
181 21 
196 35 
387 684 
256 291 
223 35 
193 21 
223 24 
181 32 
184 35 
170 32 
603 24 
178 24 
181 24 
184 35 
178 35 
167 24 
170 21 
181 21 
181 24 
205 32 
808 32 
190 32 
286 24 
351 35 
452 21 
190 21 
392 35 
181 35 
178 35 
170 24 
339 35 
184 21 
303 32 
190 35 
167 35 
194 24 
205 24 
184 21 
208 35 
1046 32 
208 21 
208 24 
173 21 
586 24 
267 24 
178 21 
959 24 
167 24 
205 21 
238 21 
205 35 
205 32 
208 24 
208 24 
181 35 
363 21 
580 21 
261 24 
211 32 
873 24 
181 35 
170 24 
223 21 
178 21 
698 21 
181 35 
181 32 
170 21 
511 21 
181 24 
181 24 
820 21 
181 32 
211 21 
170 24 
330 24 
178 24 
211 35 
1937 24 
797 32 
170 24 
179 21 
167 21 
181 24 
196 24 
1105 1016 
205 24 
170 24 
184 24 
214 24 
208 21 
181 24 
170 32 
277 24 
170 24 
181 24 
211 21 
181 21 
208 35 
1323 24 
1014 21 
167 21 
235 24 
178 24 
181 32 
187 21 
170 24 
173 24 
205 24 
181 24 
178 21 
181 35 
170 24 
306 24 
312 21 
404 698 
217 35 
229 21 
170 32 
559 1786 
208 24 
181 24 
285 21 
184 35 
205 24 
205 21 
889 21 
205 21 
205 24 
208 21 
205 21 
208 24 
205 21 
455 35 
205 21 
208 35 
208 32 
205 32 
208 21 
678 187 
208 24 
208 21 
208 35 
208 32 
194 24 
194 24 
262 21 
205 21 
205 24 
205 32 
205 21 
208 24 
208 21 
1670 21 
205 21 
318 35 
217 21 
205 24 
173 21 
205 21 
170 24 
178 21 
208 32 
187 32 
199 21 
170 21 
208 21 
199 21 
327 24 
475 21 
770 35 
775 21 
886 24 
205 21 
205 24 
205 32 
205 21 
208 24 
208 21 
1034 758 
208 35 
208 32 
181 35 
205 24 
205 21 
205 24 
205 24 
184 21 
208 35 
205 24 
208 21 
205 24 
401 1575 
205 21 
208 32 
205 32 
208 21 
208 24 
208 21 
205 24 
208 21 
312 24 
208 24 
205 21 
205 21 
749 550 
205 24 
208 21 
208 24 
208 24 
205 21 
173 24 
205 21 
208 35 
208 35 
446 389 
205 21 
205 24 
205 24 
205 35 
208 32 
208 24 
404 24 
208 24 
208 24 
178 21 
205 21 
208 32 
205 32 
734 21 
208 21 
208 21 
205 21 
208 32 
205 32 
208 24 
170 24 
205 24 
205 21 
205 24 
270 21 
410 24 
3117 21 
265 32 
826 21 
205 21 
205 21 
208 21 
208 24 
205 21 
205 24 
205 24 
205 35 
208 32 
208 24 
194 21 
895 136 
205 24 
553 656 
208 32 
208 32 
1896 21 
208 24 
205 21 
205 24 
184 21 
208 35 
194 21 
205 24 
208 24 
205 21 
205 21 
1165 101 
208 35 
194 21 
205 24 
208 21 
392 116 
205 24 
445 24 
205 35 
208 21 
208 24 
208 21 
547 124 
205 35 
808 35 
205 24 
208 21 
208 24 
205 21 
380 21 
208 24 
208 24 
205 21 
205 24 
205 24 
636 21 
205 32 
208 24 
181 35 
194 21 
205 24 
208 24 
469 437 
208 35 
205 24 
208 21 
205 24 
205 21 
205 21 
181 21 
220 24 
368 21 
482 24 
627 21 
205 24 
871 21 
321 24 
208 24 
208 21 
205 24 
205 21 
208 21 
208 32 
205 32 
208 21 
208 24 
208 21 
205 24 
208 21 
208 24 
208 24 
205 21 
205 24 
205 24 
205 35 
208 32 
264 21 
2971 21 
208 24 
205 24 
202 24 
181 24 
205 32 
258 24 
208 24 
205 21 
205 21 
205 24 
208 21 
214 24 
353 24 
208 21 
208 24 
205 21 
205 24 
178 21 
181 21 
422 24 
205 21 
205 21 
205 21 
208 35 
208 32 
185 21 
205 24 
208 21 
205 21 
208 35 
208 32 
205 32 
208 21 
208 24 
208 21 
205 21 
178 24 
205 32 
208 24 
529 621 
877 35 
208 24 
205 32 
205 35 
205 24 
570 21 
440 21 
565 24 
2015 1287 
865 24 
205 35 
194 21 
532 550 
627 21 
205 21 
208 35 
208 32 
208 24 
208 21 
767 1114 
205 24 
205 21 
205 35 
208 24 
208 24 
237 710 
360 21 
476 21 
205 21 
208 32 
205 32 
208 24 
208 24 
571 136 
205 24 
205 32 
208 24 
208 21 
205 24 
208 21 
315 166 
205 24 
205 32 
205 21 
589 122 
205 21 
205 24 
205 35 
208 32 
208 24 
208 21 
205 24 
1450 24 
205 21 
205 21 
208 21 
208 24 
205 21 
205 21 
205 24 
484 24 
208 35 
208 32 
205 24 
208 21 
208 24 
440 35 
309 24 
205 35 
194 24 
194 21 
318 24 
205 21 
205 21 
181 21 
208 35 
208 21 
229 21 
375 24 
508 21 
660 24 
1055 24 
205 24 
208 21 
205 24 
205 21 
205 21 
208 35 
181 21 
194 24 
205 24 
208 24 
205 21 
523 368 
208 21 
208 24 
205 21 
205 24 
205 24 
205 35 
208 32 
196 21 
208 24 
205 21 
205 24 
205 24 
365 24 
205 32 
306 1197 
205 21 
205 21 
205 24 
205 35 
208 32 
208 24 
187 32 
208 21 
208 24 
205 21 
377 785 
208 32 
205 32 
170 32 
208 24 
205 21 
205 21 
208 32 
205 32 
315 547 
208 21 
208 24 
205 21 
609 24 
205 35 
208 32 
497 173 
208 24 
208 21 
342 21 
208 32 
208 24 
208 24 
387 21 
208 24 
208 21 
1349 35 
205 32 
208 24 
208 24 
363 125 
318 21 
458 24 
603 21 
731 24 
865 21 
656 21 
205 24 
205 21 
205 21 
306 35 
205 24 
208 24 
205 21 
205 24 
205 21 
205 21 
208 21 
208 24 
205 21 
1097 24 
205 21 
208 35 
208 32 
205 32 
208 21 
208 24 
208 21 
205 24 
208 21 
208 24 
208 24 
205 21 
205 24 
562 974 
205 21 
181 24 
205 32 
737 547 
0 0 
0 0 
0 0 
0 0 
0 0 
0 0 
0 0 
0 0 
0 0 
21 865 
35 181 
32 473 
24 178 
24 205 
21 205 
24 194 
21 191 
32 205 
32 208 
21 205 
24 205 
24 205 
21 211 
21 1127 
32 202 
21 205 
24 205 
24 208 
24 208 
24 526 
32 205 
35 205 
24 205 
24 205 
21 205 
21 258 
24 205 
21 377 
21 654 
21 820 
24 205 
24 630 
24 194 
35 577 
32 205 
21 205 
24 205 
24 208 
21 205 
21 208 
21 205 
24 398 
21 205 
24 208 
24 208 
24 208 
21 205 
21 205 
24 205 
24 205 
24 208 
24 208 
21 205 
32 725 
21 205 
21 205 
21 208 
24 208 
24 208 
21 208 
21 1367 
24 205 
24 205 
24 208 
21 205 
21 208 
21 205 
24 1334 
21 205 
21 208 
24 208 
24 208 
21 208 
21 208 
21 205 
21 205 
24 208 
24 208 
24 208 
35 170 
24 297 
24 205 
21 193 
24 205 
24 208 
32 205 
35 205 
24 645 
21 205 
24 208 
21 208 
32 205 
35 202 
24 205 
21 380 
21 205 
21 208 
24 182 
21 333 
35 461 
21 606 
24 758 
21 903 
24 205 
35 202 
32 167 
24 205 
21 205 
24 208 
24 208 
24 205 
35 205 
21 205 
24 205 
24 205 
24 208 
24 208 
21 205 
32 205 
24 205 
24 178 
24 205 
21 208 
24 194 
35 205 
32 205 
21 205 
21 205 
21 205 
21 208 
35 202 
32 202 
21 205 
24 205 
24 208 
24 208 
24 208 
21 208 
21 208 
21 205 
21 205 
24 202 
24 205 
21 205 
32 205 
24 205 
24 205 
21 671 
24 194 
32 205 
24 181 
170 122 
235 35 
184 181 
21 208 
181 21 
226 196 
170 24 
214 24 
336 401 
24 178 
24 205 
21 208 
21 778 
184 24 
244 32 
208 21 
181 21 
199 205 
21 470 
187 35 
179 170 
27 523 
220 38 
178 21 
211 21 
208 24 
344 24 
167 24 
179 24 
184 24 
285 35 
190 35 
193 181 
27 181 
24 202 
279 24 
211 267 
205 21 
170 179 
208 190 
24 267 
24 193 
594 24 
181 38 
208 199 
196 24 
193 24 
184 886 
178 24 
276 309 
187 190 
277 24 
220 38 
196 27 
199 44 
217 24 
181 24 
211 27 
173 24 
710 360 
30 256 
190 193 
24 342 
41 217 
24 214 
33 220 
30 211 
30 208 
41 211 
24 173 
21 173 
24 181 
24 184 
24 567 
24 214 
38 181 
199 190 
24 220 
27 190 
24 211 
41 193 
24 220 
54 241 
24 199 
294 39 
190 30 
223 35 
217 35 
253 190 
33 220 
33 841 
36 803 
24 283 
27 214 
35 794 
35 196 
187 196 
27 214 
27 214 
24 303 
24 187 
184 27 
273 24 
208 24 
452 160 
220 24 
193 27 
217 41 
217 30 
214 27 
179 27 
211 30 
657 330 
196 21 
190 24 
181 24 
184 35 
170 24 
431 24 
211 30 
184 24 
205 24 
190 184 
187 35 
217 24 
208 24 
247 27 
181 24 
178 35 
181 32 
179 24 
170 24 
211 27 
184 27 
181 21 
181 32 
255 24 
208 30 
170 30 
181 24 
181 27 
520 184 
32 184 
24 220 
21 193 
27 184 
21 231 
24 179 
32 167 
32 196 
21 214 
24 324 
24 178 
24 208 
24 170 
710 185 
220 181 
167 35 
767 35 
190 21 
184 24 
181 35 
238 21 
170 27 
220 24 
202 24 
187 27 
190 38 
190 184 
38 184 
24 187 
21 181 
24 208 
21 179 
21 170 
21 787 
24 187 
24 184 
24 181 
24 193 
38 271 
270 24 
170 27 
170 24 
214 24 
746 35 
205 35 
211 21 
211 21 
205 21 
173 24 
184 21 
181 24 
184 38 
457 24 
1242 1049 
173 24 
211 24 
181 24 
181 41 
205 24 
225 24 
211 24 
181 21 
675 24 
297 217 
27 173 
35 416 
38 187 
21 217 
214 21 
217 47 
184 38 
431 41 
199 24 
173 21 
170 24 
211 35 
891 24 
184 196 
35 211 
294 27 
217 24 
190 285 
27 199 
294 24 
208 187 
27 205 
190 24 
190 21 
193 35 
187 41 
778 27 
202 24 
196 21 
274 24 
187 223 
193 33 
624 27 
173 223 
232 44 
190 30 
214 38 
220 185 
214 27 
184 184 
30 190 
232 27 
220 24 
214 38 
228 27 
353 232 
217 27 
217 59 
190 202 
35 270 
175 24 
835 428 
208 32 
315 185 
27 187 
357 238 
214 27 
208 35 
214 176 
32 187 
30 205 
24 214 
27 205 
24 228 
35 214 
541 1124 
24 303 
24 877 
33 185 
167 24 
196 24 
178 24 
181 21 
181 21 
170 35 
170 24 
190 21 
250 24 
463 21 
258 35 
208 24 
238 24 
199 32 
363 24 
270 24 
692 24 
243 24 
232 214 
27 250 
27 303 
21 187 
24 211 
35 178 
27 193 
21 425 
24 184 
24 243 
21 324 
21 351 
35 276 
24 193 
21 205 
24 211 
24 5952 
24 1533 
32 571 
24 945 
21 749 
21 1070 
24 235 
21 241 
35 214 
35 259 
35 547 
21 238 
21 258 
24 3574 
24 199 
35 232 
27 247 
176 315 
184 21 
187 24 
199 24 
249 193 
241 24 
173 24 
220 35 
232 35 
300 24 
255 541 
285 35 
208 27 
193 24 
303 24 
190 24 
217 24 
344 365 
264 21 
170 24 
223 35 
205 21 
220 35 
187 21 
1970 35 
235 24 
173 24 
211 21 
178 21 
345 24 
217 24 
211 24 
182 21 
173 21 
170 24 
217 32 
2514 32 
229 24 
182 24 
252 21 
274 24 
214 21 
178 24 
205 32 
231 24 
211 24 
253 32 
170 21 
300 24 
211 32 
279 463 
232 21 
226 21 
259 24 
306 24 
178 21 
630 6834 
683 21 
788 24 
196 678 
282 24 
217 32 
190 24 
249 21 
208 24 
208 21 
238 21 
187 24 
184 24 
217 21 
208 24 
167 21 
173 24 
184 21 
178 21 
374 42 
190 35 
253 21 
2083 24 
185 24 
181 21 
184 21 
193 21 
193 24 
167 35 
217 24 
220 24 
208 32 
187 24 
178 21 
3489 35 
170 24 
205 21 
205 24 
951 35 
214 24 
178 32 
170 21 
170 24 
170 24 
181 21 
181 24 
255 21 
264 21 
862 21 
170 21 
211 24 
181 24 
202 32 
182 24 
176 21 
176 32 
187 1251 
223 32 
368 24 
196 24 
237 21 
220 21 
211 24 
223 21 
291 21 
261 21 
241 21 
262 21 
217 24 
303 24 
193 21 
312 24 
526 21 
644 24 
1343 24 
1002 21 
1094 21 
220 35 
181 21 
252 24 
288 32 
167 35 
170 21 
190 21 
267 24 
211 21 
214 21 
5174 21 
182 21 
181 24 
181 24 
252 24 
205 21 
960 32 
190 24 
799 24 
214 21 
181 21 
225 24 
167 32 
238 21 
173 24 
229 32 
193 21 
258 24 
181 35 
178 35 
232 21 
170 21 
918 24 
217 24 
252 24 
214 21 
170 32 
306 24 
250 24 
232 21 
181 24 
184 21 
286 21 
191 21 
187 24 
181 24 
223 24 
211 21 
271 35 
214 24 
170 24 
184 21 
175 21 
184 21 
178 21 
214 21 
217 24 
229 32 
250 24 
181 24 
181 21 
170 32 
214 21 
176 21 
205 24 
300 21 
267 21 
436 24 
217 24 
173 21 
841 21 
178 21 
187 21 
225 24 
173 21 
196 24 
294 24 
199 21 
178 21 
214 21 
196 32 
188 21 
214 24 
199 214 
35 217 
21 196 
35 190 
24 223 
211 267 
229 267 
255 24 
187 24 
178 24 
199 32 
274 35 
211 21 
211 24 
903 24 
318 35 
240 24 
282 32 
193 21 
473 24 
178 24 
217 30 
178 35 
214 21 
205 27 
173 24 
187 21 
232 32 
178 21 
217 24 
196 21 
173 24 
184 24 
184 24 
220 32 
208 32 
184 21 
262 32 
191 21 
184 24 
267 21 
181 21 
196 35 
167 35 
170 35 
181 24 
3655 35 
211 35 
187 35 
234 21 
179 21 
199 21 
170 24 
184 24 
217 21 
211 24 
4217 24 
182 24 
179 24 
773 24 
903 21 
303 24 
176 21 
178 35 
1076 21 
190 24 
253 21 
190 24 
181 21 
280 24 
595 21 
211 24 
187 21 
211 35 
220 24 
190 35 
222 21 
176 21 
223 35 
253 21 
217 32 
422 21 
228 21 
208 24 
217 21 
268 24 
181 24 
187 35 
181 35 
176 32 
318 21 
176 21 
193 21 
214 32 
208 24 
297 32 
1168 21 
271 24 
220 24 
187 24 
187 21 
208 21 
229 21 
211 21 
268 24 
184 181 
32 208 
170 35 
419 24 
170 24 
190 24 
208 35 
211 27 
205 35 
205 21 
208 24 
205 21 
205 24 
205 21 
205 32 
205 24 
205 21 
336 24 
202 24 
208 24 
205 32 
205 35 
194 24 
283 24 
437 21 
565 24 
710 21 
859 24 
178 21 
683 21 
205 21 
205 21 
351 24 
205 24 
205 32 
555 24 
205 24 
208 24 
205 21 
205 21 
205 32 
205 32 
1103 32 
205 24 
205 24 
205 21 
205 35 
205 35 
194 24 
205 24 
208 24 
205 21 
205 21 
178 24 
205 32 
208 24 
214 38 
0 0 
0 0 
0 0 
178 24 
205 24 
208 21 
205 24 
205 21 
205 21 
208 35 
208 35 
205 24 
208 24 
835 21 
205 24 
205 32 
425 35 
194 24 
205 24 
208 21 
208 21 
205 21 
208 32 
205 32 
208 24 
208 24 
208 21 
205 21 
208 21 
208 24 
208 24 
205 21 
205 24 
205 24 
205 35 
205 32 
208 24 
208 24 
255 21 
375 24 
205 24 
642 24 
796 21 
874 24 
208 24 
208 24 
208 21 
205 24 
208 21 
208 24 
208 24 
904 924 
208 24 
205 21 
808 24 
205 32 
208 24 
208 21 
205 24 
205 21 
205 21 
208 35 
205 32 
205 24 
208 21 
208 24 
3090 24 
205 35 
208 32 
208 24 
208 21 
170 35 
208 24 
208 21 
208 35 
208 32 
205 24 
208 21 
208 24 
205 21 
440 32 
205 35 
208 32 
208 21 
208 24 
208 21 
205 24 
208 21 
208 24 
312 24 
205 21 
205 21 
205 24 
208 21 
181 35 
208 24 
208 24 
194 21 
467 24 
205 35 
205 32 
181 32 
184 35 
194 21 
217 21 
178 21 
1325 21 
208 35 
520 21 
205 21 
196 21 
181 24 
452 24 
205 35 
722 24 
865 21 
208 21 
205 24 
208 24 
205 32 
208 35 
194 21 
205 24 
208 21 
704 95 
199 24 
205 32 
208 24 
208 24 
194 24 
208 24 
208 21 
1328 21 
181 21 
208 24 
208 24 
194 21 
205 24 
208 24 
205 32 
208 24 
208 21 
443 21 
208 24 
205 21 
208 35 
208 35 
194 21 
205 24 
208 21 
208 21 
205 21 
208 35 
208 32 
208 24 
208 24 
205 21 
205 21 
205 24 
205 32 
205 21 
208 24 
208 21 
205 24 
205 21 
205 35 
208 24 
208 24 
208 21 
205 24 
208 24 
362 21 
208 24 
208 24 
205 21 
205 24 
205 24 
205 35 
208 32 
208 24 
208 21 
205 24 
208 21 
250 24 
389 21 
541 24 
689 21 
803 24 
205 21 
205 24 
205 35 
208 32 
208 24 
208 21 
170 32 
208 24 
208 21 
208 35 
208 32 
205 32 
208 21 
987 35 
170 24 
205 21 
205 35 
208 24 
208 24 
261 21 
205 21 
205 24 
205 35 
208 32 
410 24 
208 24 
205 21 
205 24 
205 21 
205 35 
208 24 
1111 32 
208 24 
208 21 
205 24 
205 21 
208 24 
208 24 
205 21 
205 24 
205 24 
178 24 
205 32 
208 24 
208 24 
194 21 
205 24 
208 24 
205 32 
208 35 
194 21 
185 24 
205 24 
205 24 
205 35 
205 32 
208 24 
170 32 
205 21 
205 24 
205 21 
205 35 
205 35 
484 21 
170 32 
205 21 
205 24 
190 21 
829 35 
481 21 
615 24 
758 21 
901 24 
205 21 
205 24 
205 32 
205 21 
182 595 
208 21 
205 24 
205 21 
205 35 
208 24 
208 24 
208 21 
205 24 
327 24 
205 24 
205 32 
205 21 
208 24 
312 30 
205 24 
205 35 
208 32 
208 24 
208 21 
205 24 
208 21 
208 21 
205 21 
208 32 
205 32 
208 24 
205 21 
205 21 
199 122 
205 32 
208 24 
208 24 
194 21 
205 24 
208 24 
205 32 
208 35 
194 24 
194 24 
182 24 
205 21 
205 24 
205 21 
208 24 
208 24 
205 21 
205 24 
205 24 
205 35 
208 32 
208 24 
208 21 
205 24 
205 21 
205 21 
208 35 
208 32 
205 24 
208 21 
208 24 
205 21 
205 24 
270 21 
410 24 
544 21 
696 24 
841 21 
205 21 
205 21 
208 21 
208 24 
205 21 
199 21 
190 35 
208 38 
817 880 
24 214 
27 190 
208 190 
187 27 
187 35 
208 182 
35 205 
24 205 
24 205 
21 205 
21 205 
24 208 
35 205 
32 205 
21 205 
21 205 
21 205 
21 181 
205 32 
205 32 
194 21 
205 21 
205 24 
205 24 
205 24 
205 32 
205 21 
208 24 
205 21 
205 24 
205 21 
205 32 
208 24 
205 21 
194 21 
205 24 
208 24 
205 32 
208 35 
194 21 
220 128 
194 24 
208 24 
205 21 
205 35 
205 35 
194 21 
205 24 
205 24 
205 21 
205 32 
205 35 
901 1087 
205 21 
205 21 
205 24 
205 21 
205 21 
205 24 
365 21 
485 24 
645 21 
779 24 
205 24 
205 32 
205 21 
208 24 
205 21 
205 24 
205 21 
205 21 
208 24 
205 24 
208 21 
205 24 
208 24 
205 32 
208 35 
194 24 
205 24 
208 24 
205 21 
205 21 
205 32 
205 32 
208 24 
205 24 
205 24 
205 24 
205 24 
205 32 
205 21 
208 24 
205 21 
205 24 
205 21 
205 21 
208 24 
205 24 
208 21 
205 24 
208 24 
205 32 
208 35 
194 24 
205 24 
208 24 
205 21 
208 24 
401 202 
178 32 
205 24 
167 24 
773 841 
190 24 
184 38 
190 32 
211 30 
214 68 
167 24 
178 24 
178 27 
190 196 
178 35 
220 184 
654 24 
187 30 
229 38 
208 184 
27 184 
32 208 
30 214 
425 193 
27 630 
24 553 
35 684 
21 853 
24 205 
21 205 
24 205 
24 208 
24 208 
21 205 
32 205 
24 205 
24 208 
21 205 
21 208 
24 194 
32 205 
32 208 
21 205 
21 205 
24 208 
21 190 
24 205 
32 208 
21 208 
24 205 
21 208 
21 208 
24 208 
21 208 
21 181 
24 205 
21 208 
24 208 
24 208 
21 205 
32 205 
24 205 
24 205 
21 205 
24 194 
21 1245 
32 202 
21 205 
24 205 
24 205 
24 205 
21 208 
35 202 
32 202 
21 205 
24 205 
24 208 
24 208 
24 208 
21 208 
21 208 
21 205 
21 205 
24 208 
24 205 
35 202 
24 205 
21 205 
21 205 
24 208 
24 208 
24 208 
21 208 
21 208 
21 205 
21 238 
21 368 
24 485 
21 654 
35 782 
21 871 
21 205 
24 208 
21 205 
21 208 
21 205 
24 205 
21 205 
21 205 
24 208 
24 208 
21 205 
32 205 
24 205 
21 205 
24 208 
24 208 
21 208 
35 336 
35 205 
21 205 
24 205 
24 208 
24 208 
21 208 
21 205 
24 205 
21 205 
21 208 
24 208 
24 333 
32 208 
32 205 
21 205 
21 205 
24 208 
24 443 
24 208 
32 205 
24 205 
24 205 
21 208 
21 208 
24 194 
32 211 
35 205 
24 205 
24 205 
21 178 
21 191 
21 205 
32 208 
21 208 
24 205 
21 208 
21 208 
24 345 
35 205 
35 211 
24 205 
21 208 
24 208 
24 208 
21 205 
32 205 
21 205 
21 205 
24 208 
24 315 
21 440 
35 568 
21 713 
24 865 
21 419 
24 205 
21 208 
35 205 
32 205 
21 205 
24 205 
24 181 
21 208 
24 194 
35 526 
21 205 
24 205 
24 205 
24 208 
24 208 
21 205 
32 205 
24 205 
24 205 
21 208 
21 208 
24 194 
32 181 
32 205 
24 205 
24 205 
21 205 
21 208 
35 202 
32 202 
21 205 
24 205 
24 208 
24 187 
24 205 
21 303 
32 208 
21 205 
24 205 
21 205 
21 208 
35 205 
32 205 
21 205 
24 205 
24 208 
21 205 
21 208 
21 205 
24 722 
24 205 
24 205 
24 208 
24 208 
21 214 
32 205 
21 205 
24 205 
24 208 
21 205 
21 208 
21 205 
24 205 
21 205 
21 205 
24 208 
24 235 
24 375 
32 523 
24 651 
21 814 
21 205 
24 194 
21 378 
35 202 
21 205 
24 205 
24 205 
24 208 
24 208 
21 205 
32 205 
24 205 
24 205 
21 208 
21 208 
24 208 
21 208 
21 208 
21 205 
21 205 
24 208 
24 208 
21 205 
32 205 
24 205 
24 205 
21 208 
21 208 
24 194 
32 205 
32 208 
24 181 
24 205 
21 205 
21 208 
35 205 
32 205 
21 205 
24 205 
24 208 
21 205 
21 208 
21 205 
24 205 
21 205 
21 273 
21 208 
21 194 
21 205 
32 208 
21 208 
24 205 
21 208 
21 208 
24 194 
32 205 
32 208 
21 205 
24 211 
21 205 
21 208 
35 205 
32 205 
21 178 
24 190 
24 208 
24 208 
24 173 
21 333 
35 461 
21 749 
24 743 
21 903 
24 205 
35 202 
32 586 
21 205 
24 205 
21 205 
24 214 
24 205 
35 202 
21 205 
24 205 
24 1878 
24 205 
21 208 
32 205 
35 202 
24 205 
21 205 
24 208 
24 208 
24 223 
35 211 
32 205 
21 205 
21 205 
24 208 
24 208 
21 205 
32 205 
24 205 
24 205 
21 208 
21 208 
24 194 
32 205 
32 208 
21 205 
24 205 
24 194 
21 191 
21 205 
32 208 
21 208 
24 205 
21 208 
21 208 
24 194 
32 205 
32 208 
21 205 
24 205 
24 205 
21 208 
35 202 
32 178 
21 205 
24 205 
24 208 
21 425 
21 208 
35 205 
32 205 
21 205 
24 205 
24 208 
21 205 
21 208 
21 627 
32 413 
24 544 
21 683 
24 806 
21 208 
35 202 
21 205 
24 1162 
24 205 
24 205 
24 194 
21 381 
35 205 
21 205 
24 208 
24 208 
21 205 
21 208 
21 202 
21 205 
24 205 
24 205 
24 208 
24 208 
21 205 
32 205 
24 14714 
0 0 
59 92 
247 30 
190 24 
187 27 
208 24 
208 21 
205 21 
205 24 
205 32 
526 217 
194 24 
194 24 
205 24 
205 21 
205 21 
208 35 
208 32 
205 24 
208 24 
455 35 
208 24 
205 32 
208 35 
194 21 
205 24 
208 21 
208 21 
205 21 
208 32 
205 32 
208 24 
208 24 
208 21 
205 24 
208 21 
208 24 
208 24 
205 21 
205 24 
205 21 
187 24 
205 32 
199 24 
365 21 
482 24 
627 21 
779 24 
205 21 
208 32 
205 21 
208 24 
208 21 
205 24 
205 21 
205 35 
208 24 
208 24 
208 24 
205 24 
208 24 
205 32 
229 24 
208 24 
208 21 
205 24 
205 24 
205 21 
208 35 
208 32 
205 24 
208 21 
208 24 
205 21 
205 24 
205 32 
205 21 
208 24 
208 21 
205 21 
481 363 
205 24 
205 32 
208 24 
205 24 
208 21 
205 24 
205 21 
1402 404 
194 24 
205 24 
208 21 
208 21 
205 21 
208 32 
205 32 
208 24 
208 24 
208 21 
205 24 
208 21 
208 24 
915 35 
194 24 
194 21 
205 24 
208 24 
205 32 
208 24 
208 21 
205 24 
208 21 
208 21 
205 21 
1090 1022 
208 24 
300 24 
404 24 
571 24 
710 21 
862 24 
208 35 
194 21 
205 24 
208 21 
208 21 
205 21 
208 32 
205 32 
208 24 
208 24 
208 21 
205 24 
208 21 
208 24 
347 21 
205 21 
205 21 
205 24 
208 21 
208 24 
208 24 
205 21 
1043 740 
205 24 
205 35 
208 32 
208 24 
208 21 
205 24 
208 21 
208 21 
205 21 
208 32 
526 24 
208 24 
208 24 
173 24 
205 24 
208 21 
208 24 
208 24 
205 21 
205 24 
205 24 
205 35 
208 32 
208 24 
208 21 
205 24 
205 21 
205 21 
208 35 
205 35 
1017 24 
205 24 
205 24 
205 24 
205 32 
205 32 
208 24 
208 21 
645 116 
205 24 
208 24 
205 32 
208 24 
208 24 
241 21 
375 24 
520 21 
208 32 
805 21 
874 24 
208 24 
205 21 
1052 21 
208 21 
208 32 
205 32 
208 21 
208 24 
208 21 
205 24 
208 21 
208 24 
208 24 
208 24 
247 330 
205 21 
205 21 
208 35 
208 32 
205 24 
208 21 
208 24 
205 21 
205 24 
205 32 
208 24 
205 21 
205 21 
170 24 
205 21 
205 21 
208 24 
208 24 
205 21 
205 24 
205 24 
205 32 
205 32 
208 24 
208 24 
194 24 
208 24 
348 35 
205 21 
208 21 
208 24 
205 21 
205 24 
205 24 
205 35 
208 32 
208 24 
208 24 
170 32 
205 24 
208 24 
205 32 
208 24 
208 21 
205 24 
208 21 
208 21 
205 21 
208 32 
208 21 
208 24 
211 21 
321 21 
811 21 
606 21 
731 24 
865 21 
208 24 
449 35 
205 21 
208 35 
208 32 
205 32 
208 21 
208 24 
208 21 
205 24 
205 21 
208 24 
208 24 
205 21 
205 24 
205 24 
205 35 
208 32 
208 24 
208 21 
205 24 
205 21 
205 21 
327 167 
208 32 
205 24 
208 21 
208 24 
205 21 
205 24 
208 21 
208 24 
205 21 
205 24 
205 24 
205 35 
208 32 
208 24 
208 21 
205 24 
208 21 
208 21 
205 21 
208 32 
205 32 
208 24 
208 24 
208 21 
205 24 
1801 24 
205 35 
194 21 
205 24 
208 21 
208 21 
205 21 
1245 211 
208 24 
208 24 
194 24 
208 24 
208 21 
208 35 
882 24 
208 24 
194 21 
205 24 
256 24 
389 21 
541 24 
689 21 
803 24 
205 21 
205 24 
576 21 
208 21 
208 24 
208 24 
205 21 
205 24 
205 24 
205 35 
205 32 
208 24 
208 24 
208 21 
205 24 
208 24 
205 32 
208 24 
802 35 
321 24 
208 24 
178 21 
205 21 
208 32 
208 21 
208 24 
208 21 
205 24 
205 21 
205 35 
208 24 
208 24 
208 21 
205 24 
205 21 
208 35 
208 35 
194 21 
205 24 
208 21 
205 21 
205 21 
208 32 
205 35 
208 21 
532 24 
205 21 
205 24 
205 35 
181 21 
181 32 
173 24 
167 35 
205 24 
211 35 
199 35 
178 32 
392 208 
167 32 
170 21 
184 21 
621 21 
472 24 
205 24 
173 24 
217 24 
309 24 
178 24 
389 21 
178 24 
341 24 
775 24 
229 21 
167 24 
214 21 
208 35 
886 32 
170 24 
205 21 
184 30 
199 187 
35 187 
291 173 
214 24 
897 265 
193 199 
211 35 
208 27 
187 24 
187 24 
214 35 
214 68 
253 24 
181 21 
573 21 
181 32 
255 21 
208 21 
173 24 
178 21 
187 21 
184 21 
205 21 
176 24 
208 21 
244 35 
205 24 
214 32 
214 24 
208 21 
167 24 
167 24 
205 21 
178 21 
184 24 
178 24 
654 21 
176 24 
181 24 
205 21 
181 21 
187 35 
214 24 
208 30 
841 24 
181 24 
190 38 
170 21 
190 21 
226 184 
181 27 
190 24 
226 21 
193 27 
1207 27 
214 30 
603 24 
217 24 
190 27 
214 184 
35 205 
21 193 
30 351 
710 38 
764 270 
24 785 
35 211 
21 211 
30 211 
24 187 
27 196 
21 184 
21 229 
21 167 
35 208 
21 252 
21 220 
24 178 
21 194 
24 194 
32 315 
35 184 
24 181 
24 181 
24 564 
21 170 
35 205 
32 167 
24 205 
24 208 
21 205 
24 205 
24 208 
35 205 
21 270 
24 205 
24 205 
24 208 
21 205 
24 208 
24 205 
21 178 
21 205 
21 205 
24 208 
24 208 
35 205 
32 205 
21 205 
21 205 
21 205 
24 208 
35 205 
32 202 
21 205 
21 205 
24 208 
24 205 
35 205 
32 202 
21 205 
21 205 
21 205 
24 410 
24 208 
35 205 
32 202 
21 205 
24 205 
24 208 
24 208 
21 598 
24 208 
24 193 
21 351 
21 499 
21 624 
24 761 
32 886 
21 205 
21 205 
21 205 
21 208 
24 208 
21 205 
24 208 
24 208 
21 205 
21 205 
24 208 
24 208 
35 205 
32 202 
21 205 
21 205 
24 208 
24 208 
21 205 
24 208 
24 208 
21 205 
21 205 
24 208 
24 208 
24 223 
32 208 
21 205 
21 205 
21 365 
21 194 
24 194 
32 205 
32 208 
24 205 
21 205 
21 205 
24 208 
35 205 
32 202 
21 205 
24 205 
24 205 
24 205 
24 208 
35 205 
21 205 
21 954 
24 208 
24 208 
24 208 
24 211 
24 223 
21 205 
21 205 
24 208 
24 208 
24 194 
32 205 
32 202 
21 205 
21 205 
24 205 
24 208 
35 238 
35 208 
24 208 
21 178 
21 431 
24 582 
24 699 
35 844 
21 205 
21 205 
24 205 
21 205 
24 208 
35 205 
32 202 
21 205 
21 205 
24 208 
24 208 
21 205 
24 208 
24 490 
24 205 
24 205 
24 208 
21 205 
24 170 
35 205 
21 205 
21 205 
24 208 
24 208 
21 205 
24 208 
24 208 
21 205 
21 205 
24 208 
24 318 
21 205 
24 205 
21 205 
21 208 
21 205 
24 205 
24 208 
35 205 
21 205 
21 205 
21 205 
24 208 
24 208 
24 211 
32 208 
21 443 
24 205 
24 208 
24 208 
21 428 
35 211 
35 205 
21 205 
21 205 
24 205 
24 208 
35 205 
32 202 
21 294 
21 205 
21 205 
21 205 
24 208 
35 205 
21 205 
24 205 
21 226 
24 511 
24 508 
24 654 
32 779 
21 205 
21 217 
21 205 
21 205 
24 208 
35 205 
21 205 
24 205 
24 205 
24 208 
24 205 
32 202 
21 205 
21 787 
21 205 
21 205 
24 208 
24 208 
35 205 
32 205 
21 205 
21 205 
21 205 
24 208 
21 202 
32 208 
24 205 
24 178 
21 205 
24 208 
24 194 
32 205 
32 208 
24 205 
21 342 
21 205 
24 194 
21 205 
32 208 
24 208 
21 205 
24 208 
24 208 
24 208 
24 208 
24 208 
21 205 
21 205 
24 208 
24 208 
24 211 
24 205 
21 205 
21 205 
21 208 
24 208 
21 205 
24 208 
24 205 
24 205 
24 205 
24 208 
24 208 
24 211 
24 205 
21 205 
21 205 
21 270 
24 312 
24 440 
32 565 
21 713 
21 862 
24 205 
24 178 
21 191 
21 205 
32 208 
24 208 
21 205 
24 181 
21 205 
24 208 
35 205 
32 205 
21 205 
21 205 
21 205 
24 208 
35 476 
35 205 
21 202 
21 205 
24 208 
24 1102 
24 205 
32 208 
35 205 
21 205 
21 205 
24 205 
24 208 
35 205 
32 202 
21 205 
24 205 
24 270 
21 205 
24 208 
35 205 
32 205 
21 205 
21 205 
21 205 
24 208 
35 205 
32 202 
21 205 
21 205 
24 208 
24 181 
24 208 
35 205 
21 205 
32 208 
24 205 
24 208 
21 205 
24 208 
24 363 
21 205 
21 205 
24 208 
24 208 
21 205 
24 208 
24 208 
21 205 
21 205 
21 208 
24 261 
21 375 
35 523 
21 648 
21 820 
21 205 
24 194 
21 191 
32 205 
32 220 
21 205 
24 205 
24 208 
24 208 
24 205 
32 202 
21 205 
21 205 
24 208 
24 377 
24 208 
35 205 
21 205 
41 190 
0 0 
24 211 
21 170 
35 205 
32 205 
21 205 
24 205 
24 205 
21 208 
24 194 
35 205 
32 205 
21 205 
24 205 
24 208 
21 205 
21 208 
24 205 
21 205 
21 205 
24 243 
32 259 
202 32 
178 181 
211 27 
205 24 
205 24 
202 24 
205 24 
208 21 
205 24 
205 21 
205 21 
205 24 
205 21 
205 21 
208 24 
214 27 
184 205 
208 38 
211 24 
205 21 
208 24 
208 24 
205 21 
205 24 
205 24 
187 21 
383 24 
475 21 
589 24 
758 21 
886 24 
205 21 
205 24 
205 32 
205 21 
208 24 
205 21 
205 24 
205 21 
205 35 
208 24 
208 24 
208 21 
205 24 
208 24 
205 32 
208 35 
194 21 
205 24 
208 24 
205 21 
205 21 
181 24 
205 32 
208 24 
544 21 
208 24 
205 21 
205 24 
205 32 
205 21 
208 24 
208 21 
205 21 
208 21 
1423 493 
205 32 
208 21 
208 24 
208 21 
205 24 
181 24 
205 21 
1123 35 
205 21 
205 24 
205 24 
205 35 
208 32 
312 24 
208 24 
208 21 
205 24 
208 24 
205 32 
208 35 
194 21 
205 24 
208 24 
205 21 
205 21 
181 24 
205 32 
208 24 
208 24 
208 21 
205 24 
208 21 
267 21 
410 24 
544 21 
696 24 
841 21 
205 21 
205 21 
208 21 
208 24 
205 21 
205 24 
205 24 
178 24 
205 32 
208 24 
208 24 
208 21 
205 24 
208 24 
205 32 
208 24 
921 21 
208 21 
205 24 
205 24 
205 35 
208 32 
208 24 
208 21 
205 24 
1040 21 
208 21 
208 32 
205 32 
208 24 
173 24 
205 21 
205 24 
205 35 
208 32 
208 24 
208 21 
205 24 
205 21 
205 21 
208 35 
208 32 
779 32 
208 24 
211 21 
719 74 
205 32 
208 35 
194 21 
205 24 
208 21 
205 21 
205 21 
208 32 
205 32 
1361 21 
208 24 
208 21 
205 24 
205 21 
208 24 
208 24 
205 21 
205 24 
205 24 
205 35 
208 32 
199 24 
368 21 
226 128 
627 21 
779 24 
205 21 
208 32 
205 21 
208 24 
208 21 
205 21 
208 21 
205 35 
208 24 
329 1284 
205 24 
208 21 
208 21 
205 21 
208 32 
249 24 
208 21 
205 24 
205 24 
205 35 
208 32 
208 24 
208 21 
205 24 
208 24 
205 21 
205 21 
208 32 
205 32 
208 24 
208 24 
208 21 
624 1200 
208 35 
208 24 
208 24 
754 24 
205 24 
208 24 
205 32 
208 35 
194 21 
205 24 
208 21 
208 21 
205 21 
208 32 
205 32 
208 24 
208 24 
208 21 
205 24 
770 24 
205 32 
208 24 
208 21 
173 32 
205 21 
208 21 
208 32 
205 32 
208 21 
208 24 
208 21 
205 24 
208 21 
208 24 
208 24 
268 24 
437 21 
565 24 
710 21 
862 24 
205 35 
194 21 
205 24 
743 21 
208 21 
205 21 
208 32 
205 32 
208 24 
208 24 
208 21 
205 24 
208 21 
208 24 
208 24 
181 35 
205 24 
205 24 
205 35 
190 24 
205 32 
208 24 
208 24 
208 21 
205 24 
208 21 
208 24 
208 24 
205 21 
205 21 
205 24 
205 35 
208 32 
208 24 
208 21 
205 24 
205 21 
208 21 
208 32 
205 32 
208 21 
208 24 
208 21 
205 24 
208 21 
208 455 
208 24 
208 24 
194 21 
167 21 
208 35 
205 32 
181 32 
208 24 
208 21 
205 24 
208 24 
205 32 
208 35 
208 24 
208 21 
208 24 
208 21 
205 21 
205 21 
208 21 
208 24 
223 21 
375 24 
520 21 
951 35 
787 21 
874 21 
208 21 
208 24 
208 21 
205 24 
208 21 
208 24 
208 24 
205 21 
205 24 
205 24 
205 35 
208 32 
208 24 
208 21 
205 24 
205 21 
205 21 
303 32 
208 24 
208 24 
208 24 
205 24 
205 24 
205 32 
205 32 
523 21 
205 21 
205 24 
205 24 
208 24 
205 32 
208 24 
217 187 
21 211 
27 208 
21 214 
21 205 
21 205 
35 205 
21 205 
24 208 
21 205 
24 205 
24 208 
35 205 
21 205 
21 205 
24 208 
24 176 
35 214 
35 202 
24 205 
24 535 
24 205 
21 205 
24 2743 
21 194 
35 211 
35 202 
21 342 
24 205 
24 181 
21 205 
32 205 
32 208 
24 181 
21 178 
35 184 
21 208 
35 238 
35 205 
32 167 
21 288 
21 1046 
24 181 
24 176 
35 170 
35 190 
24 202 
21 662 
21 205 
24 256 
21 208 
35 170 
24 181 
21 178 
21 205 
24 181 
24 194 
21 202 
35 199 
21 692 
21 181 
21 178 
21 182 
35 205 
32 205 
21 181 
21 181 
21 199 
21 199 
24 170 
24 208 
35 217 
24 181 
21 178 
21 178 
21 291 
21 167 
32 167 
32 208 
24 321 
24 178 
21 208 
24 194 
21 167 
35 178 
21 208 
21 178 
21 205 
24 205 
21 170 
21 181 
21 205 
21 205 
24 205 
21 205 
24 280 
21 773 
35 202 
21 205 
24 205 
21 178 
21 410 
24 205 
35 205 
21 205 
24 178 
21 205 
21 208 
24 241 
35 372 
35 520 
21 636 
24 514 
24 205 
24 173 
24 217 
32 170 
24 205 
24 205 
21 205 
21 170 
21 202 
21 167 
35 181 
24 205 
21 205 
24 208 
24 205 
24 167 
35 205 
32 208 
24 205 
24 205 
24 208 
24 170 
21 205 
21 208 
24 205 
24 205 
21 882 
24 205 
24 194 
32 208 
35 205 
21 178 
21 205 
21 205 
24 205 
35 170 
35 205 
21 208 
21 205 
24 404 
21 205 
35 202 
32 202 
21 178 
21 205 
21 205 
21 208 
24 208 
35 202 
32 167 
24 208 
24 1254 
24 205 
24 194 
24 205 
32 205 
21 208 
21 205 
24 205 
24 208 
24 205 
35 202 
32 354 
21 208 
21 205 
24 728 
24 205 
24 182 
35 327 
21 455 
21 603 
21 752 
24 900 
24 194 
21 202 
32 181 
24 208 
24 208 
21 205 
21 205 
24 205 
35 205 
35 205 
21 205 
24 205 
24 205 
24 205 
21 205 
35 208 
21 205 
21 208 
24 205 
24 205 
21 208 
35 202 
21 205 
24 205 
21 205 
21 208 
24 205 
21 205 
35 205 
21 205 
21 205 
24 208 
24 178 
32 205 
32 205 
32 205 
21 229 
21 208 
24 208 
24 205 
35 202 
32 205 
21 208 
21 205 
24 205 
24 205 
21 170 
21 190 
32 208 
24 205 
24 205 
24 208 
24 170 
21 202 
32 205 
21 208 
21 205 
24 205 
24 387 
24 208 
35 202 
21 205 
21 205 
24 205 
21 205 
24 205 
35 205 
32 256 
21 389 
21 529 
24 671 
21 826 
24 194 
35 211 
35 202 
21 208 
21 205 
24 208 
24 205 
35 202 
32 205 
21 208 
21 205 
24 205 
24 633 
21 205 
32 202 
21 205 
24 205 
21 205 
21 208 
24 205 
21 205 
35 208 
21 241 
21 208 
24 205 
24 205 
21 208 
35 202 
21 1866 
21 205 
21 205 
21 208 
24 205 
21 205 
35 208 
21 205 
21 205 
24 208 
24 208 
24 194 
35 315 
35 205 
21 205 
24 205 
24 208 
24 181 
208 32 
205 24 
208 21 
208 24 
208 21 
208 21 
208 32 
534 24 
205 24 
286 21 
208 24 
205 21 
235 32 
208 24 
205 24 
170 32 
208 24 
205 21 
208 21 
208 32 
196 24 
362 21 
479 24 
627 24 
773 24 
874 24 
208 24 
178 35 
194 24 
208 21 
205 21 
205 24 
205 35 
181 35 
194 24 
208 21 
208 21 
208 21 
208 32 
208 32 
208 21 
205 21 
205 24 
208 24 
205 21 
273 21 
208 24 
194 21 
208 21 
208 21 
208 21 
276 21 
208 21 
208 24 
194 21 
208 21 
208 21 
208 21 
208 32 
208 24 
208 21 
208 21 
205 24 
205 24 
208 35 
205 32 
205 21 
208 21 
205 24 
205 21 
208 21 
208 32 
208 24 
309 24 
205 24 
208 24 
205 21 
208 35 
208 35 
205 24 
208 24 
205 24 
208 24 
205 21 
208 32 
315 63 
208 24 
205 21 
1019 562 
208 21 
208 35 
205 32 
208 24 
265 24 
639 21 
571 24 
707 21 
859 24 
205 35 
208 21 
208 21 
205 24 
205 24 
205 35 
205 35 
205 32 
1002 24 
205 21 
205 24 
205 32 
208 35 
205 32 
345 24 
205 24 
208 24 
205 21 
208 35 
208 32 
208 21 
208 21 
205 24 
205 21 
205 21 
208 32 
576 27 
208 24 
205 21 
205 24 
205 21 
208 35 
205 32 
208 24 
205 21 
205 24 
205 21 
205 21 
208 32 
472 21 
170 24 
170 24 
205 24 
175 24 
223 681 
208 24 
178 35 
280 32 
170 21 
187 21 
211 24 
211 41 
170 27 
188 24 
190 184 
27 193 
24 225 
214 24 
288 187 
32 208 
24 187 
184 35 
829 1171 
282 217 
21 178 
30 187 
27 184 
27 1097 
24 176 
27 327 
38 449 
41 615 
38 184 
30 214 
181 24 
303 32 
190 21 
196 41 
226 41 
1367 110 
187 30 
187 30 
214 24 
217 30 
246 30 
217 24 
202 30 
196 30 
184 27 
285 41 
179 30 
202 33 
214 27 
404 193 
27 217 
30 217 
41 220 
41 214 
27 208 
30 211 
30 232 
27 217 
44 193 
38 220 
30 211 
27 214 
30 217 
27 217 
38 208 
33 187 
33 211 
33 217 
30 222 
27 220 
30 182 
41 217 
38 211 
30 220 
30 208 
33 187 
30 1397 
41 220 
30 193 
38 211 
30 214 
27 217 
33 225 
44 214 
41 214 
33 220 
30 217 
30 211 
30 228 
30 208 
41 205 
30 217 
27 220 
30 217 
30 184 
27 223 
30 217 
41 190 
44 416 
30 535 
30 214 
30 856 
24 782 
21 170 
44 372 
228 24 
324 273 
199 271 
181 24 
235 188 
24 173 
24 901 
181 35 
170 184 
27 187 
30 196 
35 187 
176 30 
184 32 
173 27 
214 291 
21 196 
32 196 
21 170 
21 178 
35 187 
24 187 
21 178 
21 410 
21 202 
21 202 
21 327 
21 181 
21 178 
24 190 
21 181 
21 181 
24 181 
35 199 
27 181 
211 24 
345 24 
223 24 
190 35 
193 21 
211 21 
167 21 
176 21 
211 24 
214 21 
181 24 
234 24 
199 21 
208 24 
170 24 
244 24 
181 21 
267 24 
202 32 
211 24 
167 24 
176 24 
181 24 
238 24 
243 24 
214 21 
191 21 
5111 21 
306 24 
395 21 
594 24 
737 21 
794 21 
170 705 
190 24 
178 21 
199 35 
291 35 
205 24 
835 24 
767 21 
181 24 
193 21 
211 21 
181 32 
259 24 
170 21 
187 24 
184 24 
184 24 
187 32 
173 24 
211 24 
253 130 
184 24 
181 24 
288 21 
205 35 
286 21 
170 35 
285 24 
235 24 
7399 764 
359 33 
228 21 
1492 496 
24 276 
187 231 
24 333 
24 241 
35 716 
24 190 
318 27 
190 41 
273 21 
181 21 
309 21 
280 32 
202 24 
217 24 
187 24 
282 24 
1215 21 
187 21 
312 24 
211 21 
3711 21 
181 24 
187 21 
184 35 
309 21 
344 24 
211 24 
167 24 
178 24 
178 21 
181 32 
10258 35 
0 0 
217 21 
184 21 
181 35 
181 32 
686 24 
556 734 
889 21 
181 21 
318 24 
178 21 
205 32 
205 24 
259 35 
3842 32 
220 32 
279 21 
291 35 
232 21 
170 24 
173 21 
268 24 
193 21 
178 24 
190 32 
170 21 
194 21 
10020 21 
0 0 
220 32 
609 32 
170 21 
226 24 
214 21 
3860 21 
264 24 
178 21 
181 35 
170 21 
170 32 
1608 24 
1691 24 
253 21 
184 21 
208 24 
315 24 
205 24 
205 24 
755 32 
205 35 
208 21 
205 24 
170 32 
214 24 
330 130 
211 32 
205 21 
208 24 
205 24 
205 24 
205 21 
532 21 
205 32 
205 32 
208 24 
170 24 
205 24 
205 21 
431 760 
205 32 
208 24 
205 24 
205 21 
205 21 
205 21 
362 24 
178 21 
547 21 
693 24 
841 21 
205 24 
178 24 
178 21 
318 21 
205 21 
205 21 
205 21 
181 24 
205 24 
205 24 
205 21 
205 24 
205 24 
205 21 
312 32 
205 24 
205 21 
194 21 
205 24 
208 24 
205 32 
208 35 
1326 24 
208 24 
208 24 
205 21 
205 24 
214 24 
273 21 
188 24 
194 24 
208 24 
205 21 
205 35 
205 35 
194 21 
205 24 
208 24 
205 21 
202 24 
208 35 
217 24 
208 24 
1103 24 
205 21 
202 24 
205 24 
178 21 
196 35 
194 21 
205 24 
205 24 
205 21 
205 35 
294 116 
181 35 
205 21 
205 24 
167 24 
205 21 
205 32 
205 24 
205 21 
544 24 
205 24 
205 21 
205 21 
205 24 
674 24 
476 24 
1126 24 
767 24 
205 24 
205 32 
178 21 
208 24 
633 24 
205 21 
205 21 
205 21 
205 21 
208 24 
205 21 
205 24 
205 24 
211 32 
208 35 
208 24 
208 24 
208 24 
279 30 
205 21 
205 32 
205 32 
182 21 
472 24 
348 668 
1697 968 
205 24 
205 32 
205 32 
208 24 
205 24 
205 21 
178 24 
187 21 
208 24 
205 21 
1281 743 
202 24 
205 24 
680 24 
178 21 
205 32 
684 32 
205 21 
205 21 
202 24 
208 21 
205 21 
205 24 
205 24 
170 24 
205 24 
208 21 
205 21 
205 24 
205 21 
205 21 
202 24 
205 21 
392 752 
205 24 
261 21 
205 21 
205 24 
205 24 
205 21 
205 32 
205 24 
300 24 
437 21 
600 24 
710 21 
862 24 
416 21 
205 21 
194 21 
603 24 
208 21 
205 21 
205 32 
341 24 
205 24 
205 24 
205 21 
205 21 
205 21 
205 21 
267 21 
205 24 
214 618 
205 21 
205 24 
205 32 
178 21 
208 24 
205 24 
205 21 
205 21 
205 21 
716 32 
208 24 
437 24 
205 21 
205 21 
208 27 
176 27 
187 24 
181 208 
21 532 
181 24 
181 24 
184 21 
184 187 
21 541 
24 205 
24 344 
214 879 
181 24 
184 32 
205 24 
170 176 
24 184 
24 178 
27 541 
38 190 
32 187 
24 731 
182 24 
184 30 
179 24 
205 1242 
24 184 
50 157 
24 205 
21 205 
21 205 
21 208 
24 913 
35 211 
32 181 
21 205 
21 689 
21 380 
24 485 
21 434 
32 785 
21 205 
21 205 
21 208 
24 208 
21 208 
21 205 
24 205 
21 205 
21 205 
24 356 
24 1260 
24 211 
21 205 
24 205 
21 205 
21 181 
24 208 
24 1852 
35 205 
32 205 
21 205 
24 205 
24 208 
21 205 
21 208 
21 181 
21 181 
21 282 
21 181 
24 234 
21 170 
21 211 
24 205 
21 205 
24 205 
24 211 
24 208 
21 208 
21 205 
24 205 
21 478 
21 205 
24 208 
21 214 
32 1046 
21 208 
21 205 
21 205 
24 793 
21 208 
35 205 
32 707 
24 187 
21 205 
24 208 
21 205 
21 208 
21 202 
21 1004 
24 205 
21 208 
24 208 
24 208 
21 205 
35 211 
24 205 
21 847 
21 321 
21 312 
21 440 
35 568 
21 315 
24 859 
21 205 
24 208 
24 208 
21 205 
32 205 
24 205 
24 431 
24 208 
24 208 
24 208 
21 208 
21 386 
21 205 
24 178 
21 205 
24 211 
35 167 
35 167 
24 505 
24 181 
21 312 
21 202 
24 286 
21 303 
35 187 
35 4225 
21 252 
21 232 
21 217 
24 250 
35 170 
21 176 
21 4912 
21 237 
21 181 
24 179 
35 208 
21 279 
21 229 
24 2981 
21 657 
24 220 
21 173 
32 176 
24 267 
24 229 
21 7758 
0 0 
50 164 
220 24 
176 24 
185 24 
220 24 
220 21 
261 21 
187 21 
282 21 
179 24 
271 35 
241 35 
392 21 
223 35 
264 24 
238 21 
375 24 
199 21 
1527 35 
859 1254 
597 32 
713 21 
788 24 
1031 21 
190 21 
303 21 
4475 21 
285 32 
276 32 
250 35 
265 21 
336 32 
178 24 
924 24 
178 21 
241 24 
170 21 
253 24 
208 32 
220 35 
4145 21 
232 24 
167 32 
170 21 
205 21 
208 32 
205 35 
181 21 
208 21 
208 24 
208 21 
205 24 
208 21 
264 24 
181 32 
208 21 
205 24 
205 24 
205 35 
181 21 
208 24 
181 35 
205 21 
205 24 
205 35 
208 32 
208 24 
208 21 
443 21 
208 24 
208 21 
208 35 
208 32 
178 21 
205 24 
208 24 
205 21 
178 21 
208 35 
208 32 
354 21 
3257 21 
205 24 
208 24 
205 32 
205 35 
205 24 
208 21 
182 24 
205 21 
196 21 
327 24 
475 21 
589 24 
607 24 
303 21 
208 21 
181 21 
208 32 
178 24 
208 21 
208 24 
208 21 
205 24 
208 21 
208 24 
208 24 
205 21 
205 21 
1908 35 
205 21 
205 35 
194 21 
208 24 
205 24 
199 538 
208 21 
205 35 
205 35 
205 24 
381 21 
208 24 
366 24 
208 35 
208 32 
205 35 
208 21 
208 24 
208 21 
178 21 
208 32 
205 32 
208 24 
208 24 
657 116 
205 24 
205 32 
484 24 
205 32 
208 21 
208 24 
208 21 
205 24 
270 21 
208 24 
208 24 
208 21 
648 35 
2458 21 
205 32 
205 32 
208 24 
208 21 
205 24 
205 21 
205 21 
208 35 
1046 32 
208 24 
205 21 
538 24 
327 21 
205 21 
205 21 
273 24 
550 21 
696 24 
170 24 
205 21 
205 35 
208 24 
208 24 
208 21 
205 24 
327 24 
205 24 
205 32 
205 21 
208 24 
205 21 
205 24 
205 21 
208 32 
208 24 
208 24 
208 21 
205 24 
437 35 
208 35 
208 32 
208 24 
194 21 
205 24 
205 21 
208 21 
208 32 
205 32 
208 21 
357 32 
208 24 
511 21 
208 32 
208 35 
615 24 
208 21 
211 21 
205 24 
205 21 
205 35 
208 24 
205 24 
208 21 
205 24 
562 21 
208 21 
208 24 
208 24 
205 21 
205 24 
205 24 
205 35 
208 32 
208 24 
208 21 
205 24 
176 526 
205 21 
778 24 
205 35 
208 35 
208 21 
170 24 
749 35 
208 21 
205 35 
202 24 
368 21 
482 24 
627 21 
779 24 
205 21 
790 24 
205 24 
208 21 
205 24 
205 21 
770 30 
208 35 
208 24 
208 24 
17638 59 
0 0 
24 184 
187 32 
181 24 
205 21 
194 24 
208 24 
672 229 
205 21 
232 24 
205 24 
205 21 
194 21 
205 24 
208 24 
205 32 
443 21 
205 21 
194 21 
167 32 
205 24 
205 32 
327 283 
178 21 
208 24 
167 24 
205 21 
205 24 
208 21 
725 1201 
344 119 
205 24 
205 24 
173 21 
208 21 
205 21 
181 32 
205 24 
208 21 
205 24 
208 24 
205 32 
208 35 
277 32 
446 395 
194 24 
208 24 
205 21 
205 35 
205 35 
277 32 
205 24 
205 24 
205 21 
178 21 
205 35 
283 21 
277 24 
437 21 
562 24 
710 21 
859 24 
205 35 
711 21 
208 24 
208 24 
205 24 
205 24 
205 32 
636 24 
205 21 
758 21 
205 21 
205 21 
205 21 
178 21 
208 24 
208 24 
205 21 
205 21 
205 21 
205 21 
1075 21 
205 24 
553 21 
205 21 
205 21 
205 35 
205 32 
205 24 
208 24 
208 24 
205 21 
205 24 
205 32 
398 35 
205 21 
205 21 
205 24 
205 21 
205 21 
930 21 
208 24 
205 21 
205 24 
288 24 
173 170 
173 24 
237 21 
170 24 
241 228 
27 208 
176 30 
217 27 
208 32 
208 24 
208 24 
205 24 
205 21 
205 21 
208 32 
205 32 
208 24 
208 24 
208 21 
205 24 
208 21 
208 24 
205 24 
255 21 
375 24 
520 21 
648 24 
796 21 
874 21 
208 21 
208 24 
208 21 
205 24 
208 21 
208 24 
208 24 
205 21 
205 24 
205 24 
205 35 
208 32 
208 24 
208 21 
205 24 
205 21 
205 21 
208 35 
205 35 
205 24 
208 21 
208 24 
205 21 
205 24 
205 32 
205 21 
208 24 
208 21 
235 21 
205 35 
208 32 
211 21 
205 24 
208 21 
208 24 
205 21 
205 24 
205 32 
205 21 
274 253 
208 21 
208 1322 
205 24 
208 21 
205 35 
194 21 
205 24 
208 21 
205 21 
208 35 
208 32 
205 32 
208 21 
208 24 
208 21 
205 21 
205 24 
205 32 
208 24 
170 24 
205 21 
205 21 
205 24 
205 32 
205 21 
208 24 
211 21 
274 21 
446 24 
297 21 
740 24 
865 21 
208 24 
205 24 
208 24 
205 32 
205 35 
1037 81 
208 24 
208 24 
208 21 
205 24 
208 21 
208 24 
208 24 
205 21 
205 24 
205 24 
205 35 
208 32 
208 24 
208 21 
205 24 
324 24 
205 21 
205 21 
208 24 
208 24 
205 21 
205 24 
205 24 
205 35 
208 32 
208 24 
208 21 
205 24 
205 21 
208 21 
208 32 
205 32 
208 21 
208 24 
208 21 
205 24 
2113 24 
205 32 
208 24 
208 24 
208 21 
205 24 
208 24 
205 32 
208 24 
208 21 
205 24 
208 21 
208 21 
205 21 
208 32 
205 32 
208 24 
208 24 
241 21 
205 35 
208 32 
329 24 
205 24 
208 21 
208 24 
244 24 
389 21 
541 24 
689 21 
803 24 
205 24 
205 24 
205 35 
642 1115 
205 32 
205 24 
208 21 
208 24 
205 21 
205 24 
205 32 
205 21 
208 24 
208 21 
205 24 
205 21 
205 35 
208 24 
208 24 
208 21 
205 24 
208 24 
205 32 
208 35 
167 35 
194 24 
194 24 
208 24 
205 21 
208 35 
208 35 
194 24 
194 24 
208 24 
208 21 
208 35 
208 32 
205 32 
208 21 
208 24 
208 21 
205 24 
208 21 
181 35 
208 24 
208 24 
205 24 
205 24 
181 24 
205 32 
208 24 
208 21 
205 24 
205 21 
205 21 
208 35 
371 24 
205 24 
208 21 
208 24 
205 21 
205 24 
205 32 
205 21 
208 24 
208 21 
205 24 
178 24 
205 35 
469 21 
235 21 
743 21 
886 24 
205 21 
205 24 
205 32 
205 21 
208 24 
223 24 
205 21 
205 21 
208 35 
288 122 
208 24 
208 24 
244 35 
205 21 
205 24 
205 32 
208 24 
205 21 
205 21 
205 24 
205 21 
205 35 
208 24 
208 24 
208 21 
205 24 
208 24 
205 32 
208 35 
194 21 
205 24 
208 21 
208 21 
205 21 
208 32 
205 32 
434 21 
205 24 
208 21 
208 21 
205 21 
208 32 
205 32 
208 24 
208 24 
208 21 
205 24 
208 21 
220 21 
205 24 
208 21 
208 24 
205 21 
205 24 
205 32 
205 21 
170 24 
205 21 
205 21 
205 24 
208 21 
199 35 
208 21 
208 24 
205 21 
205 24 
1587 21 
279 21 
410 24 
544 21 
211 24 
826 21 
205 21 
205 21 
208 21 
208 24 
205 21 
205 24 
205 24 
205 35 
208 32 
208 24 
194 21 
205 24 
511 386 
208 35 
208 32 
208 24 
383 32 
208 24 
208 21 
205 24 
208 21 
208 24 
208 24 
205 21 
205 24 
205 24 
205 35 
208 32 
924 21 
208 24 
208 24 
205 24 
205 24 
205 32 
205 32 
208 24 
208 21 
205 24 
205 21 
208 21 
208 32 
205 32 
170 32 
208 24 
208 24 
205 21 
205 24 
178 24 
205 32 
208 24 
731 21 
208 24 
208 21 
208 35 
208 32 
205 24 
208 21 
208 24 
205 21 
205 24 
205 32 
205 21 
208 24 
205 21 
205 24 
205 21 
205 35 
606 32 
365 21 
657 737 
633 21 
779 24 
205 21 
208 32 
208 24 
205 21 
205 21 
205 24 
205 21 
205 35 
208 24 
208 24 
208 21 
205 24 
208 24 
205 32 
208 35 
194 21 
268 769 
208 24 
205 21 
205 21 
208 32 
208 21 
208 24 
1055 443 
208 24 
208 21 
208 35 
208 32 
205 32 
208 21 
208 24 
208 21 
205 24 
208 21 
208 24 
208 24 
208 24 
419 21 
205 24 
205 32 
205 32 
208 24 
208 21 
205 24 
205 21 
205 21 
208 35 
205 32 
205 24 
1985 21 
205 21 
205 24 
208 21 
240 21 
208 24 
205 21 
205 24 
205 24 
205 35 
205 32 
208 24 
208 21 
205 24 
2580 21 
208 24 
205 32 
208 35 
194 21 
283 24 
437 21 
565 24 
710 21 
862 24 
205 35 
194 21 
205 24 
208 21 
208 21 
205 21 
208 32 
205 32 
208 24 
208 24 
306 24 
205 24 
208 21 
208 24 
208 24 
208 21 
244 35 
205 21 
205 24 
205 32 
205 21 
208 24 
208 21 
205 24 
205 21 
205 35 
208 24 
208 24 
208 21 
205 24 
208 24 
205 32 
208 35 
194 21 
877 21 
208 24 
208 21 
205 24 
208 21 
208 24 
208 24 
205 21 
205 24 
205 24 
205 35 
208 32 
208 24 
208 21 
205 24 
205 21 
181 24 
208 35 
205 32 
205 24 
208 21 
208 24 
178 24 
193 24 
184 35 
470 372 
24 214 
27 445 
21 187 
232 24 
184 24 
173 196 
38 187 
187 24 
184 24 
220 38 
184 41 
173 24 
187 30 
208 21 
170 24 
190 21 
223 35 
217 35 
181 24 
170 32 
208 24 
286 21 
205 21 
205 21 
214 24 
181 35 
903 32 
193 21 
767 21 
208 21 
205 21 
211 24 
170 193 
21 237 
21 208 
27 237 
24 214 
41 217 
181 35 
175 24 
190 24 
181 24 
181 181 
35 190 
32 187 
214 21 
505 30 
208 35 
211 21 
217 190 
27 193 
24 211 
33 220 
30 199 
101 167 
24 184 
21 167 
32 170 
24 184 
21 202 
24 214 
24 178 
24 802 
35 202 
32 190 
21 184 
24 211 
24 243 
21 184 
35 229 
35 214 
35 181 
21 835 
24 208 
24 190 
24 205 
32 170 
32 170 
21 178 
24 205 
21 208 
24 194 
24 610 
21 618 
24 205 
24 178 
21 178 
21 178 
21 191 
21 205 
32 208 
21 208 
24 187 
24 205 
24 194 
24 205 
32 202 
35 178 
32 181 
21 178 
24 211 
24 194 
21 205 
32 211 
35 178 
21 220 
21 205 
24 208 
21 208 
21 205 
24 285 
24 205 
21 208 
21 181 
24 208 
35 202 
24 205 
21 205 
21 178 
21 184 
24 181 
24 740 
32 217 
21 285 
24 205 
24 173 
24 271 
27 217 
32 187 
35 268 
21 205 
24 178 
21 199 
24 208 
24 220 
32 170 
24 226 
21 211 
24 559 
21 178 
21 178 
32 167 
24 541 
21 217 
24 211 
21 261 
21 196 
24 170 
35 178 
32 214 
21 178 
21 178 
21 205 
24 234 
35 179 
35 170 
21 178 
21 196 
21 264 
21 187 
21 410 
35 184 
35 196 
21 184 
24 205 
21 178 
21 187 
35 170 
35 1584 
24 603 
21 178 
21 178 
24 217 
24 187 
35 205 
32 167 
24 291 
21 181 
24 208 
24 217 
24 170 
35 184 
21 178 
21 205 
21 178 
21 208 
21 167 
35 181 
32 223 
24 211 
21 202 
21 214 
24 211 
32 223 
32 467 
35 184 
24 199 
24 181 
24 288 
21 167 
24 170 
24 181 
21 181 
21 205 
24 181 
21 167 
35 170 
35 170 
24 208 
21 205 
24 178 
21 181 
24 181 
35 170 
24 193 
21 190 
21 178 
21 178 
24 235 
24 173 
35 181 
35 1114 
24 184 
24 181 
193 24 
208 35 
181 35 
627 24 
211 21 
190 21 
205 21 
196 21 
214 35 
211 24 
173 32 
193 30 
0 0 
223 32 
190 21 
205 21 
217 21 
208 24 
184 30 
208 190 
35 184 
24 199 
24 1144 
21 211 
226 214 
211 32 
202 24 
190 187 
32 190 
21 187 
21 276 
27 211 
178 24 
517 32 
181 24 
193 32 
541 21 
202 21 
208 21 
196 21 
178 21 
184 35 
184 32 
170 24 
179 21 
205 21 
208 35 
205 32 
205 32 
170 32 
208 24 
205 21 
178 21 
205 32 
181 21 
208 24 
208 24 
170 24 
205 24 
205 21 
205 32 
211 24 
170 24 
211 24 
211 21 
669 24 
178 24 
196 35 
176 24 
181 35 
170 21 
181 24 
181 24 
285 21 
273 21 
170 32 
800 24 
205 24 
178 24 
205 21 
208 24 
170 24 
184 181 
24 193 
24 173 
24 170 
24 184 
24 211 
24 190 
196 538 
241 24 
282 35 
297 280 
211 27 
229 41 
238 285 
24 324 
21 416 
318 324 
226 27 
188 21 
274 336 
21 330 
21 796 
333 24 
407 24 
461 32 
387 214 
30 229 
24 208 
24 505 
35 202 
32 220 
401 309 
21 240 
24 1376 
240 312 
27 190 
220 24 
170 35 
173 27 
455 662 
312 238 
21 538 
582 24 
288 276 
32 217 
267 455 
24 274 
2980 21 
184 32 
196 185 
24 208 
24 383 
193 24 
217 24 
229 35 
276 21 
273 24 
5033 35 
268 35 
214 21 
898 32 
324 35 
276 24 
252 24 
366 35 
473 21 
633 32 
823 21 
933 21 
217 32 
211 24 
217 24 
205 21 
484 24 
229 35 
181 21 
291 35 
184 32 
229 24 
173 24 
214 32 
193 21 
184 21 
223 24 
220 21 
217 21 
202 21 
220 24 
181 24 
184 32 
181 35 
255 21 
193 24 
235 32 
2199 24 
184 35 
214 24 
176 21 
208 24 
226 21 
731 21 
238 24 
178 21 
228 21 
182 24 
187 24 
187 24 
250 24 
214 32 
181 35 
280 24 
277 21 
1192 24 
181 24 
193 21 
211 24 
264 21 
184 32 
268 24 
181 24 
217 35 
235 21 
176 32 
318 24 
179 24 
170 21 
184 21 
891 21 
184 21 
170 32 
173 24 
229 24 
2095 21 
181 21 
187 21 
282 21 
306 24 
185 21 
217 21 
211 21 
214 21 
2228 35 
173 32 
170 32 
211 21 
232 32 
181 24 
181 21 
196 32 
214 21 
232 21 
217 21 
3560 35 
184 24 
214 24 
193 32 
170 32 
321 24 
193 24 
184 21 
324 24 
240 21 
235 24 
173 32 
184 21 
220 32 
184 21 
472 21 
228 21 
173 21 
173 21 
220 21 
178 24 
2095 24 
205 24 
193 21 
208 21 
173 24 
181 24 
214 35 
181 24 
761 264 
262 32 
214 21 
187 21 
187 21 
223 24 
237 21 
259 32 
211 21 
235 32 
181 21 
181 24 
252 24 
173 24 
4630 32 
193 24 
217 21 
190 24 
178 21 
187 35 
214 21 
202 24 
211 35 
187 24 
181 24 
184 32 
173 32 
170 21 
315 21 
178 24 
297 21 
249 21 
1034 21 
170 24 
211 24 
167 24 
184 21 
181 24 
181 32 
196 32 
589 300 
173 24 
181 24 
208 21 
184 21 
181 35 
170 24 
2294 24 
220 21 
342 24 
184 21 
306 32 
208 24 
173 21 
1040 24 
208 21 
190 24 
220 32 
190 35 
184 32 
238 21 
312 21 
178 21 
181 21 
181 21 
211 21 
214 24 
256 32 
178 24 
181 21 
187 21 
190 32 
173 24 
193 24 
235 35 
217 32 
178 21 
187 32 
191 24 
916 24 
170 21 
226 24 
306 24 
285 21 
190 32 
235 24 
176 24 
229 21 
187 21 
178 21 
927 21 
3036 24 
184 35 
187 21 
184 24 
1890 21 
190 32 
187 35 
217 21 
256 32 
327 21 
449 21 
651 21 
790 32 
1242 21 
1049 21 
167 21 
4071 24 
178 21 
252 24 
276 21 
283 21 
173 21 
170 24 
178 21 
181 24 
743 21 
184 32 
250 32 
196 24 
187 24 
532 35 
184 24 
184 35 
187 32 
176 21 
199 24 
193 21 
223 24 
237 24 
187 35 
416 24 
181 21 
211 24 
294 24 
288 21 
181 32 
176 21 
208 21 
173 24 
208 21 
184 21 
211 21 
241 21 
752 1786 
170 21 
184 24 
190 21 
181 21 
181 35 
228 21 
211 24 
226 21 
336 32 
345 24 
318 21 
476 190 
214 21 
173 24 
282 21 
220 21 
193 24 
184 32 
179 21 
170 32 
220 24 
184 24 
291 21 
184 35 
208 21 
232 21 
196 21 
259 27 
407 24 
538 24 
683 21 
818 21 
1014 24 
211 21 
250 21 
181 21 
223 21 
170 35 
229 24 
351 32 
695 24 
208 21 
184 32 
184 35 
234 21 
580 21 
170 24 
187 21 
193 722 
196 32 
232 24 
232 21 
173 24 
190 21 
261 24 
178 21 
181 32 
173 21 
191 21 
366 24 
517 3334 
190 24 
371 24 
523 21 
170 21 
196 24 
173 21 
187 21 
282 24 
181 32 
179 21 
170 32 
190 24 
178 21 
220 24 
312 21 
208 24 
208 21 
262 24 
184 21 
211 21 
264 24 
202 21 
173 24 
176 21 
167 21 
187 21 
184 21 
187 24 
232 24 
176 24 
226 21 
315 35 
238 21 
181 24 
297 35 
176 24 
318 42 
247 32 
190 21 
392 21 
463 21 
589 21 
779 35 
927 21 
184 21 
193 21 
181 21 
270 24 
2095 32 
250 35 
247 35 
211 21 
226 35 
184 35 
279 35 
211 21 
250 35 
211 21 
184 21 
184 21 
4017 21 
241 21 
256 32 
273 21 
238 24 
184 21 
217 24 
181 32 
226 21 
173 21 
170 24 
550 24 
181 24 
173 35 
232 21 
253 32 
196 35 
184 32 
350 24 
178 35 
184 35 
193 21 
265 35 
193 21 
187 24 
181 24 
659 24 
217 24 
176 24 
176 24 
190 21 
214 35 
187 35 
181 32 
170 24 
170 24 
232 21 
178 24 
205 32 
291 35 
202 24 
173 21 
205 35 
193 21 
181 21 
190 32 
179 24 
232 24 
187 24 
217 21 
190 21 
362 21 
369 27 
1509 300 
24 494 
871 21 
184 689 
32 990 
21 285 
24 318 
21 300 
63 187 
24 190 
24 291 
187 35 
285 1384 
208 202 
24 181 
21 240 
21 193 
21 190 
35 181 
21 336 
24 205 
294 21 
392 53 
208 187 
35 196 
24 255 
21 371 
173 21 
294 21 
205 228 
35 223 
27 199 
24 181 
27 193 
24 642 
24 457 
24 184 
32 208 
32 208 
21 205 
24 208 
24 184 
24 190 
21 179 
35 167 
24 282 
24 199 
24 202 
24 190 
24 176 
24 232 
35 193 
21 2674 
21 178 
21 217 
21 184 
21 184 
32 235 
32 181 
32 181 
21 181 
24 852 
21 214 
21 289 
21 211 
21 217 
21 211 
24 223 
24 187 
24 170 
35 181 
32 181 
21 618 
24 249 
21 181 
21 196 
24 898 
35 199 
24 214 
21 3795 
21 184 
24 184 
21 338 
35 187 
21 184 
21 217 
21 181 
24 181 
21 182 
21 190 
32 178 
24 794 
24 261 
21 187 
21 231 
24 182 
32 306 
32 187 
24 181 
21 184 
21 288 
24 211 
21 211 
21 250 
21 182 
21 205 
24 270 
24 369 
21 232 
35 288 
32 181 
24 181 
21 190 
24 187 
21 179 
21 211 
32 208 
21 226 
21 300 
21 303 
21 214 
21 237 
21 232 
35 190 
32 214 
21 211 
24 187 
24 1204 
35 214 
32 184 
32 181 
21 321 
21 181 
24 277 
24 176 
21 170 
32 181 
32 208 
24 176 
21 234 
21 170 
24 226 
21 232 
21 1667 
24 271 
24 384 
21 184 
21 778 
35 838 
24 178 
24 184 
21 181 
21 246 
21 261 
24 173 
32 167 
21 208 
24 205 
24 199 
24 181 
24 173 
21 235 
21 196 
35 181 
24 181 
21 181 
21 253 
24 185 
32 199 
32 181 
21 1994 
24 243 
24 181 
21 264 
35 271 
21 217 
24 178 
21 187 
21 686 
24 342 
32 170 
35 214 
21 981 
24 425 
21 178 
21 562 
24 181 
32 202 
458 32 
181 24 
187 184 
27 211 
38 211 
21 208 
27 214 
21 211 
24 205 
24 698 
21 194 
24 170 
35 205 
32 205 
21 208 
21 912 
21 205 
24 208 
21 205 
32 184 
21 205 
24 178 
24 594 
24 208 
21 208 
21 205 
24 205 
21 205 
21 238 
21 368 
24 476 
21 654 
35 782 
21 205 
21 181 
21 205 
24 208 
21 208 
21 205 
24 205 
21 205 
21 205 
24 208 
24 208 
21 205 
32 205 
24 205 
21 205 
21 205 
24 194 
21 191 
32 205 
32 178 
21 205 
24 205 
24 208 
21 205 
21 208 
21 205 
24 205 
21 205 
21 208 
24 205 
21 205 
35 202 
24 205 
21 205 
21 205 
24 208 
24 208 
21 1391 
35 202 
24 205 
21 205 
24 208 
24 208 
24 170 
35 208 
32 205 
21 205 
21 205 
24 181 
24 170 
24 205 
32 208 
21 208 
24 205 
21 208 
21 564 
21 194 
35 214 
32 205 
24 205 
24 178 
24 194 
21 191 
21 205 
32 208 
21 208 
24 205 
21 214 
24 181 
24 170 
35 571 
21 713 
24 865 
35 190 
0 0 
21 194 
21 208 
21 205 
24 208 
24 208 
24 208 
21 205 
21 208 
21 205 
24 205 
21 205 
24 181 
21 205 
24 208 
21 205 
32 205 
24 238 
21 205 
24 205 
21 205 
21 170 
21 208 
21 208 
21 205 
21 205 
24 208 
24 208 
21 205 
32 205 
24 205 
24 205 
21 208 
21 606 
24 205 
35 208 
35 205 
24 306 
24 205 
24 208 
21 205 
21 208 
21 205 
24 205 
21 205 
21 208 
24 208 
24 280 
21 208 
21 208 
21 205 
21 205 
24 208 
21 205 
21 208 
21 856 
24 205 
24 208 
24 208 
21 205 
21 286 
32 202 
21 205 
24 205 
24 205 
24 208 
24 235 
24 354 
32 523 
24 651 
21 820 
24 205 
24 194 
21 191 
32 205 
32 208 
21 205 
24 205 
24 205 
21 208 
35 202 
32 202 
21 205 
24 205 
24 205 
24 205 
21 368 
32 205 
24 205 
21 205 
24 205 
24 208 
24 208 
21 1037 
32 205 
24 205 
24 205 
21 208 
21 208 
24 208 
21 829 
21 205 
21 205 
21 205 
24 208 
24 208 
21 205 
32 205 
24 181 
24 205 
24 205 
21 208 
24 194 
35 250 
21 205 
21 205 
24 205 
24 208 
21 211 
32 205 
35 202 
24 205 
21 205 
24 208 
24 208 
24 208 
21 208 
21 208 
21 205 
21 205 
24 208 
24 205 
35 202 
24 205 
21 205 
21 205 
24 208 
24 208 
24 173 
21 244 
32 467 
21 606 
24 758 
21 903 
24 205 
35 202 
32 202 
21 205 
24 178 
21 205 
24 208 
21 208 
21 205 
21 205 
21 695 
24 205 
24 208 
24 208 
21 205 
32 205 
24 205 
24 205 
21 208 
21 208 
21 208 
21 208 
21 226 
35 719 
21 205 
21 205 
21 208 
35 205 
32 205 
21 205 
24 205 
24 208 
21 205 
21 208 
35 205 
32 196 
24 205 
21 205 
21 205 
21 205 
32 205 
32 205 
24 205 
24 205 
21 249 
24 208 
35 205 
35 205 
21 205 
24 205 
24 205 
24 208 
21 208 
32 205 
35 202 
21 205 
21 205 
24 208 
24 719 
24 208 
21 208 
24 205 
21 1245 
21 205 
21 205 
21 208 
35 205 
32 253 
21 208 
24 535 
21 689 
24 806 
21 208 
35 202 
21 205 
24 205 
24 205 
24 208 
24 208 
21 205 
32 205 
24 205 
24 205 
21 208 
24 208 
24 211 
35 202 
24 205 
21 205 
21 205 
24 208 
24 208 
21 205 
32 205 
24 205 
24 1156 
21 205 
24 208 
21 208 
21 202 
21 205 
24 205 
24 205 
24 208 
24 208 
21 205 
32 205 
24 205 
24 208 
21 205 
21 208 
24 194 
32 205 
32 208 
21 205 
24 205 
21 205 
21 208 
35 205 
32 205 
21 205 
24 205 
24 208 
21 205 
21 208 
21 205 
24 205 
21 205 
21 205 
24 208 
24 208 
21 514 
35 208 
21 223 
24 205 
24 208 
21 205 
21 208 
21 205 
24 199 
35 351 
21 499 
24 627 
21 761 
35 886 
21 205 
24 205 
21 178 
21 205 
21 208 
24 194 
35 205 
32 205 
21 205 
24 205 
24 208 
21 205 
21 208 
21 324 
24 205 
24 208 
24 208 
21 205 
21 167 
32 205 
24 205 
21 205 
24 205 
24 208 
24 3756 
32 205 
35 202 
24 205 
21 205 
24 208 
24 208 
24 208 
21 208 
21 208 
21 178 
21 205 
24 208 
24 208 
21 208 
21 238 
21 205 
24 205 
24 208 
24 208 
21 208 
21 1076 
35 208 
24 205 
24 205 
21 205 
21 167 
35 205 
32 205 
21 205 
24 205 
24 181 
24 208 
21 208 
21 205 
24 205 
21 205 
21 205 
24 208 
24 208 
21 205 
32 205 
24 178 
24 303 
24 437 
21 582 
24 699 
32 847 
24 205 
21 205 
24 205 
24 208 
24 208 
21 205 
32 205 
24 184 
24 205 
21 205 
24 927 
21 208 
21 208 
21 208 
21 205 
21 205 
24 208 
24 208 
21 205 
32 205 
21 205 
24 205 
21 208 
21 208 
24 194 
32 205 
32 208 
21 205 
21 416 
24 205 
24 194 
21 205 
32 208 
21 208 
24 264 
24 205 
21 208 
24 194 
32 205 
32 208 
21 205 
24 205 
24 170 
24 194 
21 205 
32 208 
21 374 
24 205 
21 181 
24 205 
24 194 
35 205 
32 205 
21 205 
24 205 
24 208 
21 205 
21 208 
21 205 
24 208 
24 663 
21 205 
24 205 
21 205 
35 202 
24 205 
21 205 
21 238 
21 395 
21 517 
21 654 
35 782 
21 205 
21 205 
21 255 
21 205 
24 205 
32 208 
32 205 
24 205 
24 205 
21 205 
21 208 
35 202 
32 202 
35 205 
24 208 
24 208 
21 205 
32 211 
21 214 
208 21 
170 21 
181 181 
24 294 
35 208 
32 214 
35 187 
24 187 
187 24 
312 24 
199 35 
223 30 
193 27 
170 170 
21 1643 
205 41 
196 35 
211 30 
208 24 
208 24 
205 21 
205 21 
205 24 
205 21 
205 35 
208 24 
208 24 
