286 91 
325 91 
312 91 
312 585 
312 104 
1898 585 
377 104 
312 104 
312 104 
377 91 
1014 104 
312 91 
312 91 
312 104 
325 104 
299 91 
884 104 
689 104 
299 91 
325 91 
299 91 
390 91 
325 104 
0 0 
351 104 
351 91 
351 91 
351 91 
325 104 
351 91 
338 104 
351 91 
325 104 
351 91 
351 104 
351 104 
364 104 
364 403 
338 117 
403 117 
377 130 
338 104 
1014 104 
351 91 
338 91 
325 91 
364 91 
338 104 
416 91 
364 91 
364 104 
338 104 
364 91 
364 104 
351 91 
325 91 
338 104 
364 91 
325 91 
325 91 
338 104 
364 104 
364 91 
364 104 
364 104 
650 91 
364 104 
546 104 
364 91 
364 104 
364 104 
338 104 
351 104 
364 104 
429 104 
936 130 
403 104 
351 104 
403 1105 
91 364 
104 377 
91 364 
91 364 
104 351 
91 364 
91 377 
91 377 
91 364 
325 104 
533 91 
364 91 
364 91 
351 104 
325 91 
351 91 
351 91 
325 91 
351 91 
351 91 
351 91 
338 104 
364 91 
351 91 
351 91 
845 91 
351 91 
325 104 
351 104 
351 104 
325 91 
572 104 
663 91 
351 104 
325 91 
351 91 
351 91 
338 91 
364 104 
442 91 
845 91 
325 104 
351 91 
494 104 
325 104 
325 104 
611 91 
338 104 
325 104 
364 104 
364 91 
351 91 
338 104 
364 104 
806 104 
351 104 
351 91 
585 91 
364 416 
130 416 
442 117 
325 104 
351 91 
325 91 
364 104 
377 104 
377 117 
351 338 
70 304 
112 268 
58 254 
46 234 
242 58 
234 60 
234 274 
66 248 
52 234 
52 260 
52 260 
66 268 
72 246 
66 228 
64 234 
66 762 
98 58 
226 52 
228 40 
200 32 
224 788 
292 40 
332 288 
196 36 
1056 40 
300 40 
220 40 
196 44 
224 40 
188 32 
228 40 
192 36 
224 36 
200 32 
396 32 
228 36 
196 40 
199 199 
29 231 
29 199 
32 246 
32 191 
234 223 
32 191 
35 401 
93 197 
196 40 
538 341 
63 46 
185 34 
390 32 
196 37 
222 43 
214 32 
188 32 
185 40 
355 35 
185 185 
55 410 
217 35 
338 32 
191 43 
190 32 
222 194 
65 41 
214 27 
190 27 
217 41 
205 27 
214 41 
208 30 
211 41 
208 27 
214 27 
208 32 
211 29 
211 32 
208 32 
208 29 
208 37 
208 32 
211 32 
205 34 
211 26 
211 29 
208 31 
211 29 
742 26 
211 29 
214 29 
211 26 
208 29 
213 29 
208 31 
396 32 
208 29 
211 26 
211 29 
208 29 
211 29 
211 32 
216 32 
208 29 
208 29 
211 41 
211 35 
214 29 
214 32 
216 26 
214 34 
205 34 
208 29 
205 29 
208 32 
211 29 
220 29 
780 26 
176 32 
211 26 
190 27 
258 38 
208 29 
214 29 
465 32 
211 35 
208 32 
208 29 
211 29 
205 29 
208 29 
208 29 
205 32 
203 34 
211 32 
208 29 
214 29 
208 31 
208 29 
211 29 
216 29 
208 29 
208 29 
214 29 
208 31 
214 29 
835 32 
208 29 
203 29 
208 29 
214 26 
208 37 
211 29 
988 491 
208 31 
211 31 
384 32 
214 32 
208 32 
208 29 
211 29 
208 37 
208 31 
211 34 
208 29 
211 31 
211 34 
211 29 
211 32 
214 32 
214 34 
205 26 
211 34 
205 32 
211 29 
858 26 
214 32 
208 37 
211 29 
214 29 
448 606 
211 26 
537 29 
208 32 
208 26 
211 31 
211 37 
208 29 
211 29 
185 29 
211 29 
211 29 
214 27 
208 29 
352 29 
214 29 
216 29 
211 29 
211 29 
278 35 
214 34 
188 29 
182 182 
49 38 
214 29 
176 26 
182 32 
219 29 
188 34 
220 185 
49 35 
179 29 
211 32 
185 35 
211 34 
214 40 
225 29 
217 34 
219 32 
191 32 
217 26 
208 26 
214 37 
217 29 
214 32 
612 35 
211 34 
214 32 
185 34 
228 29 
240 222 
29 211 
29 881 
29 789 
32 211 
46 306 
200 193 
960 24 
235 261 
62 466 
196 35 
196 185 
24 363 
27 237 
49 37 
205 35 
173 24 
294 35 
211 24 
704 24 
170 21 
318 32 
173 24 
300 35 
306 21 
178 35 
202 24 
175 21 
167 24 
223 24 
193 24 
211 21 
734 32 
214 24 
306 35 
211 24 
193 21 
246 24 
170 21 
211 35 
276 21 
229 21 
223 21 
392 24 
175 24 
164 32 
164 24 
178 24 
208 18533 
24 178 
21 178 
32 178 
21 178 
21 422 
38 178 
24 196 
24 170 
21 190 
24 211 
21 178 
21 175 
21 874 
35 170 
21 178 
35 167 
21 1016 
35 211 
24 205 
24 214 
21 202 
21 178 
21 202 
24 199 
24 223 
24 173 
32 205 
21 205 
24 179 
24 208 
32 205 
21 205 
21 208 
24 666 
35 208 
24 202 
21 1483 
35 205 
24 205 
35 205 
21 205 
32 205 
24 205 
21 205 
24 208 
24 205 
24 205 
24 208 
24 589 
24 205 
21 205 
21 205 
35 202 
24 208 
35 202 
24 267 
35 205 
24 205 
21 205 
24 202 
21 401 
21 205 
21 205 
35 205 
24 202 
32 476 
24 205 
21 205 
21 202 
32 205 
21 674 
35 208 
24 202 
21 205 
24 205 
21 205 
21 205 
21 636 
32 205 
24 689 
35 205 
21 205 
32 205 
24 205 
21 303 
38 874 
24 208 
21 194 
21 205 
24 205 
21 205 
35 205 
21 205 
32 202 
24 205 
24 208 
21 202 
21 205 
24 194 
21 205 
24 205 
35 205 
35 205 
24 205 
35 205 
21 205 
35 606 
24 205 
21 205 
21 202 
21 205 
21 202 
21 205 
24 330 
24 205 
24 205 
21 202 
24 205 
21 202 
32 205 
21 208 
35 205 
24 205 
24 1370 
21 202 
24 193 
24 205 
21 205 
24 194 
21 205 
24 205 
21 205 
35 187 
21 208 
35 205 
24 719 
24 205 
24 194 
21 208 
21 202 
21 202 
35 205 
21 380 
24 205 
24 205 
35 205 
24 205 
24 205 
24 205 
21 205 
24 205 
21 205 
24 211 
21 205 
24 208 
24 205 
35 173 
21 205 
32 205 
21 202 
35 205 
24 457 
21 178 
24 193 
24 178 
21 178 
24 181 
32 202 
21 178 
32 181 
24 208 
35 205 
176 24 
194 21 
202 24 
211 378 
202 21 
309 24 
202 24 
1189 113 
205 21 
205 21 
205 32 
208 24 
202 21 
205 24 
208 21 
184 21 
202 24 
205 35 
205 24 
202 24 
202 24 
202 32 
205 24 
175 21 
241 32 
181 21 
211 27 
179 36 
185 27 
214 41 
187 35 
205 24 
208 35 
369 83 
193 33 
327 32 
511 24 
238 35 
306 24 
167 21 
490 24 
199 24 
1040 35 
187 24 
3186 202 
199 21 
598 21 
342 21 
173 35 
211 21 
217 35 
502 21 
167 21 
208 24 
202 24 
202 24 
211 32 
194 21 
178 21 
476 127 
181 24 
202 24 
202 35 
208 24 
306 21 
205 24 
191 24 
805 21 
283 24 
309 24 
170 21 
315 35 
176 21 
341 24 
229 21 
214 32 
170 21 
211 24 
205 24 
511 32 
202 24 
889 540 
202 21 
205 24 
202 32 
713 24 
232 41 
939 24 
202 35 
428 24 
202 24 
202 21 
191 21 
360 24 
202 24 
205 24 
202 21 
205 32 
188 24 
205 24 
202 24 
615 24 
202 24 
205 21 
205 24 
194 24 
202 24 
202 21 
639 32 
205 21 
205 32 
194 21 
205 21 
202 21 
205 32 
734 24 
205 35 
202 24 
202 21 
205 24 
208 24 
178 24 
268 21 
205 35 
178 32 
205 35 
167 32 
205 35 
369 21 
202 21 
167 21 
194 24 
250 35 
202 21 
199 24 
202 21 
499 24 
202 24 
496 24 
205 24 
205 32 
205 24 
205 21 
205 21 
784 24 
202 24 
202 24 
205 24 
194 21 
205 21 
202 21 
428 21 
202 21 
205 32 
202 21 
202 21 
205 24 
194 24 
202 24 
202 21 
205 21 
202 21 
202 32 
202 21 
205 35 
220 21 
205 21 
202 21 
202 32 
336 21 
205 21 
205 24 
194 21 
737 24 
205 21 
202 32 
205 24 
202 35 
202 24 
205 35 
461 21 
202 21 
205 24 
194 24 
202 24 
202 21 
205 24 
191 24 
205 35 
205 24 
205 35 
202 24 
175 24 
202 21 
208 35 
294 24 
175 35 
202 21 
202 21 
205 32 
205 21 
178 38 
181 24 
211 35 
205 21 
175 21 
167 24 
246 21 
175 24 
205 30 
187 193 
35 211 
21 202 
21 190 
38 214 
27 238 
24 318 
662 24 
184 30 
229 205 
24 205 
24 179 
24 909 
21 179 
21 184 
24 181 
21 181 
24 701 
21 178 
24 389 
24 187 
35 782 
21 3040 
35 345 
21 303 
32 241 
21 181 
21 621 
24 413 
21 499 
24 211 
21 208 
21 1251 
21 211 
21 232 
24 246 
35 229 
21 2868 
21 181 
21 214 
35 226 
21 255 
24 184 
24 176 
21 196 
21 179 
21 315 
24 202 
24 264 
27 966 
24 787 
35 226 
24 184 
32 178 
21 173 
24 187 
21 205 
24 205 
32 167 
21 187 
21 170 
21 181 
32 187 
21 315 
35 369 
24 202 
24 184 
21 252 
32 187 
24 241 
24 184 
21 173 
21 205 
35 187 
21 211 
35 205 
21 202 
35 205 
21 205 
21 823 
24 208 
24 205 
24 202 
21 467 
24 194 
21 205 
24 482 
21 205 
32 205 
21 205 
21 205 
24 202 
21 205 
24 202 
21 205 
21 202 
21 205 
35 205 
21 205 
24 208 
21 205 
35 208 
21 205 
24 208 
24 208 
35 205 
24 208 
24 205 
24 850 
21 205 
24 205 
21 202 
35 205 
21 205 
24 205 
21 529 
32 205 
21 208 
24 205 
24 205 
24 205 
24 194 
21 181 
32 205 
24 205 
35 205 
24 205 
35 205 
21 205 
35 205 
24 205 
24 205 
24 208 
35 208 
21 191 
21 205 
24 211 
24 912 
35 205 
21 205 
32 205 
24 205 
32 202 
24 208 
35 562 
24 208 
35 208 
24 194 
24 205 
21 205 
21 205 
35 214 
24 205 
32 202 
24 208 
35 208 
24 205 
21 205 
24 202 
21 205 
24 205 
21 205 
35 205 
24 205 
24 205 
24 205 
32 205 
24 208 
32 205 
24 208 
24 205 
21 202 
21 205 
24 598 
21 205 
21 205 
21 205 
21 202 
24 205 
21 205 
24 273 
35 205 
24 208 
35 208 
24 205 
21 205 
21 202 
24 208 
35 202 
24 205 
21 205 
21 202 
32 205 
21 205 
21 205 
24 208 
35 208 
24 202 
21 208 
24 205 
21 208 
21 202 
21 645 
35 214 
21 205 
35 178 
24 208 
35 205 
24 208 
24 291 
24 202 
24 205 
21 191 
21 205 
32 167 
21 205 
35 205 
24 205 
35 205 
21 205 
35 205 
24 211 
30 214 
24 194 
24 205 
24 214 
24 205 
24 208 
21 205 
32 205 
21 202 
35 681 
21 205 
35 208 
21 205 
21 205 
24 205 
24 781 
24 766 
35 205 
35 205 
24 205 
24 205 
21 205 
35 205 
21 205 
35 205 
24 205 
24 205 
24 205 
24 205 
24 1328 
24 205 
21 205 
21 205 
35 205 
21 205 
35 205 
21 202 
32 202 
24 734 
24 205 
24 205 
21 205 
21 191 
21 205 
24 205 
21 401 
24 205 
24 205 
32 205 
24 205 
35 205 
21 205 
35 208 
21 191 
21 208 
21 508 
21 205 
35 205 
21 597 
32 202 
24 208 
35 205 
21 202 
32 202 
21 205 
35 205 
21 202 
21 758 
21 167 
24 205 
24 205 
21 205 
32 205 
21 205 
35 425 
21 202 
21 205 
21 205 
35 208 
24 211 
21 205 
24 202 
21 205 
21 318 
21 202 
35 205 
21 205 
27 214 
21 205 
32 205 
24 1022 
21 205 
24 205 
24 208 
24 389 
24 205 
21 794 
21 205 
21 202 
24 208 
35 205 
24 454 
35 205 
21 466 
35 205 
21 285 
24 205 
24 205 
21 205 
35 205 
21 205 
24 205 
21 202 
35 205 
21 205 
35 208 
21 193 
24 208 
24 205 
21 208 
24 208 
24 205 
24 205 
21 202 
35 205 
21 856 
32 205 
21 202 
32 202 
21 205 
21 202 
21 194 
24 499 
24 205 
21 202 
24 208 
24 208 
24 205 
21 205 
35 205 
24 205 
24 205 
24 208 
35 205 
24 194 
21 208 
21 202 
21 205 
24 205 
21 202 
32 202 
21 205 
35 205 
24 205 
35 886 
21 356 
21 205 
21 191 
21 205 
24 202 
24 208 
21 541 
21 205 
24 170 
21 205 
35 208 
21 205 
24 208 
24 211 
21 523 
24 194 
21 205 
24 205 
24 193 
24 205 
21 267 
21 202 
24 960 
35 205 
21 202 
32 202 
24 208 
35 205 
24 202 
21 205 
21 202 
21 205 
32 202 
24 178 
35 1079 
24 582 
35 205 
24 202 
35 205 
21 205 
35 208 
21 191 
21 229 
21 202 
21 205 
21 205 
24 202 
32 202 
24 208 
35 205 
24 211 
35 205 
21 202 
21 205 
21 205 
21 205 
24 793 
21 205 
24 194 
21 205 
32 202 
24 208 
35 205 
21 205 
24 609 
21 481 
35 496 
24 202 
24 856 
24 208 
24 205 
24 277 
21 202 
35 205 
21 205 
24 205 
21 205 
35 205 
21 202 
24 205 
21 205 
21 205 
24 205 
21 205 
24 205 
24 205 
35 205 
21 205 
35 205 
21 208 
35 205 
24 205 
24 205 
24 683 
24 205 
24 205 
21 202 
35 205 
21 205 
24 205 
24 178 
35 208 
21 202 
35 205 
21 205 
24 214 
21 202 
24 205 
21 191 
21 205 
24 205 
21 205 
35 205 
24 205 
35 205 
21 205 
35 205 
24 178 
24 205 
24 196 
24 205 
24 202 
21 719 
21 202 
21 205 
35 205 
24 208 
35 205 
27 214 
30 176 
238 24 
176 24 
214 27 
788 33 
202 24 
205 24 
178 24 
202 24 
205 35 
202 24 
202 21 
205 24 
191 24 
202 24 
202 21 
205 24 
202 24 
202 35 
202 21 
205 35 
202 24 
906 24 
202 24 
205 32 
202 24 
202 21 
205 24 
202 24 
559 21 
202 21 
202 32 
202 21 
205 21 
205 21 
202 32 
211 24 
202 21 
202 21 
205 32 
205 24 
470 50 
258 24 
184 30 
187 217 
214 35 
205 24 
309 24 
184 24 
205 38 
205 30 
190 27 
184 30 
217 24 
208 24 
202 35 
202 24 
202 35 
214 41 
202 21 
202 21 
202 35 
231 27 
202 21 
202 21 
232 21 
202 24 
188 24 
205 24 
202 21 
202 21 
191 24 
202 24 
202 24 
205 35 
202 24 
202 24 
202 21 
205 21 
205 21 
191 24 
202 24 
933 119 
202 32 
202 24 
205 24 
202 24 
633 24 
202 24 
202 24 
202 21 
202 24 
205 21 
202 21 
306 21 
202 21 
175 24 
202 21 
205 32 
202 24 
202 35 
202 24 
202 24 
202 21 
205 21 
389 642 
202 21 
202 35 
202 21 
202 24 
202 24 
202 35 
672 273 
202 32 
202 21 
202 35 
666 24 
202 35 
315 21 
241 21 
202 24 
241 30 
205 24 
327 24 
205 32 
202 21 
205 35 
202 24 
202 32 
211 35 
191 21 
202 21 
202 24 
205 24 
202 21 
205 35 
811 122 
202 35 
202 21 
202 35 
202 21 
395 35 
202 21 
194 24 
202 21 
722 24 
205 35 
202 21 
202 21 
211 24 
205 35 
764 35 
374 24 
202 21 
202 32 
205 24 
202 21 
205 24 
194 21 
205 21 
202 21 
202 24 
191 24 
202 21 
164 21 
202 32 
205 24 
205 21 
205 24 
191 21 
202 24 
202 21 
205 21 
205 24 
743 21 
202 24 
202 35 
205 24 
205 32 
202 21 
202 32 
422 24 
202 21 
220 32 
205 21 
205 21 
202 24 
202 35 
202 21 
205 35 
202 24 
202 35 
372 21 
202 21 
202 21 
205 32 
205 24 
194 24 
205 21 
202 21 
205 24 
191 24 
205 35 
788 21 
205 32 
202 24 
202 21 
202 24 
454 24 
205 24 
443 24 
202 21 
164 21 
455 21 
205 24 
205 32 
202 24 
205 35 
202 21 
205 32 
205 24 
194 24 
288 21 
202 21 
205 24 
202 24 
202 35 
175 32 
205 32 
205 24 
202 32 
205 24 
832 21 
205 21 
205 24 
208 24 
191 21 
205 35 
202 21 
624 122 
202 21 
202 35 
202 21 
205 35 
202 24 
202 21 
202 21 
205 21 
205 24 
211 24 
205 32 
194 24 
345 119 
211 24 
202 35 
390 24 
202 32 
202 21 
205 21 
205 24 
191 21 
880 21 
191 21 
205 24 
1025 21 
205 32 
194 24 
202 24 
535 21 
205 21 
202 21 
205 35 
202 21 
775 24 
202 21 
176 21 
202 21 
202 21 
205 35 
202 21 
202 35 
202 21 
992 21 
202 21 
202 24 
202 21 
202 21 
202 21 
202 24 
529 35 
895 24 
202 21 
202 21 
205 32 
202 21 
205 21 
202 24 
585 24 
202 24 
202 24 
205 24 
202 24 
205 24 
202 21 
229 24 
202 24 
190 32 
202 32 
202 35 
202 21 
181 24 
202 21 
188 24 
202 21 
202 24 
202 21 
191 24 
202 24 
202 24 
205 35 
205 21 
205 35 
211 35 
202 24 
205 24 
202 21 
615 24 
202 24 
205 24 
194 21 
205 21 
205 24 
205 32 
277 21 
202 32 
205 21 
205 21 
205 24 
191 24 
202 21 
202 21 
205 24 
202 24 
202 32 
202 21 
205 32 
202 24 
202 32 
485 122 
205 21 
202 24 
202 21 
205 24 
672 44 
205 24 
636 24 
202 35 
202 24 
205 35 
202 21 
205 32 
232 333 
318 21 
205 24 
202 32 
205 24 
202 21 
205 21 
202 24 
202 35 
487 35 
202 35 
202 24 
205 35 
202 24 
202 21 
202 24 
636 24 
202 21 
205 24 
202 24 
194 24 
178 24 
1067 24 
707 24 
191 24 
202 24 
202 24 
205 32 
202 24 
202 21 
342 21 
264 24 
205 21 
205 24 
202 35 
202 21 
205 21 
202 21 
205 32 
205 24 
942 21 
205 24 
202 21 
205 21 
202 24 
205 24 
202 21 
208 24 
202 21 
211 35 
191 21 
202 24 
740 21 
205 35 
202 21 
202 21 
202 21 
826 21 
921 134 
372 24 
202 35 
194 24 
202 24 
202 24 
205 35 
202 24 
202 21 
202 21 
205 35 
202 24 
202 24 
208 35 
191 21 
202 32 
191 21 
202 35 
202 21 
202 21 
202 21 
205 21 
202 24 
749 21 
205 24 
205 24 
205 24 
205 24 
562 167 
191 21 
443 24 
202 24 
778 122 
205 24 
205 35 
202 21 
202 21 
202 21 
202 21 
202 21 
202 21 
205 24 
202 24 
202 32 
170 24 
202 35 
208 21 
202 24 
202 21 
202 21 
202 21 
202 24 
811 24 
167 21 
205 32 
330 21 
205 24 
202 21 
202 35 
467 24 
202 21 
202 21 
191 24 
202 21 
202 24 
202 24 
167 35 
202 24 
202 21 
205 35 
202 21 
202 21 
202 21 
202 35 
202 21 
202 24 
211 35 
194 24 
205 21 
205 21 
202 35 
1005 32 
178 24 
202 24 
205 35 
202 24 
202 21 
202 21 
523 21 
205 24 
202 21 
205 21 
202 24 
202 32 
595 21 
211 35 
202 24 
202 35 
202 24 
205 32 
202 24 
202 21 
205 24 
202 24 
205 24 
194 21 
205 21 
202 21 
217 24 
202 24 
894 24 
202 21 
205 32 
205 24 
194 21 
202 24 
178 35 
832 24 
202 21 
202 24 
191 21 
205 21 
202 21 
202 32 
214 24 
202 32 
205 24 
202 32 
205 24 
380 116 
205 24 
194 24 
205 21 
202 21 
208 35 
202 24 
205 35 
202 24 
205 32 
208 24 
194 21 
202 24 
202 21 
481 770 
202 21 
205 21 
589 21 
300 148 
205 24 
202 21 
202 21 
202 32 
446 32 
258 24 
205 24 
194 24 
205 21 
205 24 
202 24 
191 24 
202 21 
202 21 
211 24 
205 21 
202 32 
205 24 
202 21 
205 24 
194 21 
205 21 
202 21 
205 24 
202 24 
202 35 
1097 21 
639 21 
205 21 
205 24 
208 24 
202 21 
615 122 
238 21 
318 24 
202 24 
205 24 
202 21 
205 32 
205 24 
202 35 
202 24 
211 116 
202 24 
202 21 
202 21 
178 32 
205 24 
202 21 
205 32 
167 21 
190 104 
202 21 
202 21 
606 363 
205 24 
660 24 
202 35 
202 24 
202 24 
205 24 
202 21 
297 24 
327 21 
202 35 
202 21 
205 35 
202 24 
202 24 
202 21 
202 24 
559 122 
202 21 
205 24 
428 21 
205 24 
202 24 
205 35 
205 21 
205 32 
476 24 
202 24 
205 21 
202 21 
205 21 
696 21 
205 24 
202 24 
202 24 
859 21 
205 35 
202 21 
383 21 
202 21 
202 35 
205 21 
202 21 
205 21 
458 24 
205 24 
425 24 
202 32 
194 24 
202 24 
743 21 
205 35 
202 21 
202 21 
202 21 
205 35 
202 24 
175 35 
205 24 
202 24 
743 24 
202 21 
205 32 
202 21 
205 35 
173 24 
205 35 
413 24 
202 24 
202 24 
202 21 
205 32 
205 24 
202 21 
202 21 
205 35 
202 21 
202 35 
202 21 
202 24 
202 24 
202 21 
202 24 
202 21 
205 24 
202 21 
205 35 
202 24 
205 24 
791 24 
205 35 
202 21 
725 66 
202 21 
202 21 
205 21 
440 24 
205 32 
202 21 
205 24 
202 24 
205 35 
202 24 
178 21 
202 21 
205 24 
202 21 
191 24 
202 21 
202 24 
202 24 
191 24 
202 24 
202 21 
202 35 
191 21 
202 24 
202 21 
838 21 
202 21 
205 21 
205 24 
191 24 
205 24 
202 21 
505 21 
202 21 
202 35 
220 259 
202 32 
205 21 
190 35 
202 21 
208 24 
205 21 
205 21 
202 21 
202 21 
211 32 
191 21 
695 178 
202 21 
205 21 
202 21 
205 35 
202 21 
202 21 
868 24 
191 21 
205 35 
202 21 
202 21 
167 35 
202 32 
532 24 
728 24 
202 24 
258 21 
202 21 
205 35 
202 24 
196 24 
205 21 
202 21 
205 32 
194 24 
202 24 
202 24 
205 35 
202 24 
202 21 
202 21 
205 35 
202 24 
202 24 
205 24 
898 21 
202 21 
202 21 
205 35 
202 21 
202 35 
202 24 
567 21 
202 21 
282 38 
202 21 
202 21 
202 21 
202 24 
238 24 
202 24 
205 24 
202 24 
205 35 
202 21 
202 24 
202 21 
202 21 
345 897 
205 21 
672 24 
202 24 
202 24 
194 24 
202 24 
202 21 
202 35 
202 21 
202 24 
205 21 
202 21 
618 21 
202 21 
205 24 
194 24 
202 24 
202 21 
202 35 
256 24 
205 35 
202 24 
202 21 
202 21 
205 21 
175 21 
194 24 
205 24 
202 21 
202 35 
194 24 
205 35 
202 21 
202 35 
202 24 
202 24 
202 21 
205 21 
205 21 
191 21 
205 32 
633 24 
205 24 
202 24 
202 32 
191 24 
202 35 
202 24 
300 24 
241 321 
205 21 
205 21 
202 21 
202 21 
202 21 
202 24 
202 24 
202 35 
205 21 
205 32 
202 21 
205 21 
499 21 
202 21 
202 21 
202 21 
205 24 
188 24 
178 21 
202 21 
695 21 
205 21 
205 32 
202 21 
205 35 
202 21 
202 24 
363 21 
202 24 
205 24 
202 24 
202 32 
205 21 
205 32 
205 21 
205 21 
205 21 
205 21 
205 24 
202 21 
205 24 
194 24 
202 24 
202 24 
202 24 
202 24 
199 32 
348 119 
332 21 
722 21 
208 24 
205 21 
202 24 
244 21 
202 21 
205 21 
375 24 
202 32 
191 24 
202 24 
202 21 
279 597 
202 24 
202 32 
205 21 
202 21 
205 21 
202 21 
205 35 
202 21 
202 24 
202 21 
202 35 
202 21 
205 35 
202 24 
202 21 
202 21 
249 21 
205 24 
202 24 
202 21 
202 21 
205 32 
188 21 
443 24 
202 24 
205 35 
202 24 
202 24 
205 21 
202 24 
202 21 
191 24 
202 24 
211 21 
205 24 
202 24 
205 35 
202 21 
202 24 
202 24 
202 35 
202 21 
202 24 
202 21 
202 21 
826 21 
191 21 
205 35 
202 21 
202 35 
693 50 
327 24 
476 21 
202 21 
205 21 
191 24 
202 21 
202 24 
202 24 
191 21 
205 35 
202 21 
202 35 
202 21 
205 32 
202 21 
205 35 
202 21 
478 202 
202 21 
202 21 
205 24 
188 24 
205 24 
850 24 
205 35 
202 21 
205 35 
202 21 
205 35 
208 24 
485 24 
202 21 
202 21 
202 21 
191 24 
202 24 
202 24 
205 35 
205 21 
205 32 
202 21 
205 21 
205 24 
191 24 
253 24 
202 21 
202 21 
202 21 
205 35 
306 21 
202 35 
202 21 
906 21 
205 21 
205 21 
205 21 
191 24 
202 21 
202 24 
556 21 
202 24 
205 24 
202 21 
205 32 
202 24 
291 32 
217 21 
202 21 
202 21 
205 35 
202 24 
202 24 
205 24 
202 24 
202 21 
205 21 
205 32 
202 21 
205 35 
202 24 
202 624 
202 21 
205 21 
205 24 
191 24 
202 24 
202 21 
202 21 
595 24 
205 35 
202 21 
202 35 
202 21 
202 24 
202 21 
261 21 
205 21 
191 24 
202 24 
202 21 
202 21 
202 21 
205 35 
202 21 
205 35 
202 24 
520 101 
202 24 
249 21 
205 21 
175 32 
202 21 
202 21 
205 35 
202 21 
205 35 
184 24 
1245 1011 
205 21 
205 24 
202 21 
191 24 
202 21 
202 24 
297 21 
202 24 
285 113 
194 24 
205 24 
202 24 
202 32 
202 21 
205 21 
205 24 
191 24 
202 21 
202 24 
202 21 
202 21 
205 32 
194 24 
202 24 
202 21 
205 32 
202 21 
205 21 
663 21 
205 21 
205 21 
191 24 
202 24 
202 24 
205 21 
333 21 
205 35 
202 21 
205 35 
202 24 
202 24 
202 21 
205 24 
202 21 
191 24 
202 24 
202 24 
202 24 
202 21 
205 32 
205 24 
202 35 
202 24 
202 21 
202 21 
205 35 
202 21 
716 24 
202 24 
202 24 
202 21 
202 21 
205 32 
202 21 
371 24 
202 24 
205 35 
202 24 
202 24 
202 21 
202 21 
303 24 
202 21 
202 21 
312 21 
202 35 
205 21 
205 24 
202 24 
205 35 
202 21 
202 24 
202 21 
202 21 
181 24 
202 21 
746 21 
202 21 
205 35 
202 21 
178 21 
202 21 
202 35 
419 21 
202 21 
202 21 
202 21 
205 35 
202 21 
202 24 
354 32 
202 32 
202 24 
205 35 
202 21 
202 21 
205 21 
205 21 
205 21 
262 32 
202 21 
309 24 
202 32 
188 21 
205 24 
794 24 
205 35 
202 21 
725 116 
202 21 
194 24 
202 21 
466 21 
205 32 
419 21 
205 24 
202 21 
202 35 
191 21 
205 21 
202 21 
205 35 
202 21 
202 24 
205 24 
202 21 
202 21 
188 21 
205 24 
202 24 
202 32 
191 24 
202 35 
202 24 
820 24 
205 21 
202 24 
202 21 
202 21 
416 440 
194 24 
496 24 
202 24 
202 35 
191 21 
202 24 
202 24 
202 35 
202 21 
202 21 
205 21 
202 21 
205 35 
202 21 
205 24 
202 24 
205 35 
202 21 
205 32 
202 21 
205 35 
187 24 
178 32 
868 21 
202 21 
1206 21 
202 24 
202 21 
202 21 
205 32 
526 21 
202 24 
202 24 
205 35 
202 21 
202 24 
202 24 
176 24 
202 21 
202 21 
205 32 
188 24 
205 24 
202 24 
205 35 
1245 21 
202 24 
205 24 
188 24 
202 21 
202 21 
205 21 
191 24 
202 24 
202 24 
205 35 
205 21 
205 32 
202 24 
582 21 
202 21 
202 21 
205 21 
202 21 
205 35 
202 21 
547 21 
202 24 
202 35 
191 21 
202 24 
202 21 
285 787 
202 21 
205 21 
205 21 
202 21 
205 35 
176 30 
181 35 
187 35 
181 35 
193 44 
190 44 
190 38 
205 24 
645 817 
194 21 
624 24 
202 24 
202 24 
205 24 
205 24 
202 24 
202 32 
262 21 
202 32 
205 24 
202 32 
205 24 
194 24 
202 24 
202 21 
205 21 
205 24 
202 35 
194 24 
211 27 
202 24 
202 35 
202 21 
205 32 
205 24 
202 21 
205 21 
205 21 
205 24 
654 24 
205 21 
202 21 
202 32 
205 21 
202 32 
205 21 
312 21 
202 24 
187 133 
205 24 
202 24 
202 21 
205 24 
202 35 
202 21 
205 32 
205 24 
243 24 
205 24 
205 21 
205 24 
191 24 
202 24 
202 21 
297 449 
205 24 
202 32 
194 24 
704 24 
202 24 
202 35 
202 24 
205 32 
202 24 
202 21 
342 21 
202 21 
205 24 
1569 713 
205 35 
205 21 
205 35 
580 130 
205 32 
202 21 
202 21 
205 21 
671 24 
202 24 
1091 35 
205 24 
396 119 
205 21 
202 21 
202 32 
205 21 
205 24 
743 35 
205 24 
202 21 
202 21 
205 21 
202 24 
202 24 
404 21 
205 32 
194 21 
205 21 
268 21 
190 35 
181 24 
167 190 
220 202 
45 27 
214 27 
211 24 
208 24 
191 21 
205 32 
205 24 
202 35 
202 21 
205 35 
202 21 
205 35 
202 24 
772 21 
205 24 
202 24 
202 21 
202 21 
205 32 
188 24 
443 21 
202 24 
205 35 
202 21 
202 24 
202 24 
202 21 
202 24 
1735 110 
205 21 
202 21 
205 35 
202 21 
202 35 
202 21 
333 27 
202 21 
202 24 
202 21 
191 24 
202 24 
202 24 
315 35 
191 21 
202 24 
202 21 
205 32 
205 24 
202 35 
461 24 
202 21 
960 24 
202 21 
205 21 
202 21 
205 35 
202 21 
205 24 
202 24 
199 35 
167 35 
579 21 
202 24 
202 21 
205 21 
205 21 
205 24 
321 21 
202 21 
357 116 
202 35 
862 24 
205 35 
202 21 
205 35 
202 21 
178 24 
202 21 
511 24 
202 21 
202 21 
205 24 
202 21 
202 35 
194 24 
184 24 
615 330 
202 24 
205 24 
208 24 
202 21 
202 21 
202 21 
202 21 
202 21 
205 21 
202 24 
202 24 
202 35 
205 21 
906 21 
202 21 
205 35 
793 202 
188 21 
202 21 
202 21 
205 24 
188 24 
205 24 
202 21 
202 35 
191 21 
202 24 
220 21 
591 119 
205 21 
202 24 
202 21 
202 24 
202 21 
191 24 
202 24 
202 21 
205 35 
202 21 
202 21 
202 21 
205 35 
202 21 
202 24 
205 24 
202 24 
202 21 
191 24 
202 24 
583 24 
202 35 
202 21 
202 35 
202 24 
202 24 
202 21 
264 21 
202 21 
188 21 
238 24 
188 24 
205 24 
202 24 
205 35 
202 21 
202 24 
202 24 
1325 24 
202 21 
202 21 
205 21 
202 21 
205 24 
202 24 
202 32 
191 24 
202 24 
488 21 
636 24 
202 24 
300 21 
205 21 
191 21 
202 24 
202 24 
294 24 
312 21 
205 24 
202 21 
208 24 
202 21 
202 35 
202 24 
175 35 
202 21 
205 21 
205 24 
191 24 
202 24 
202 21 
202 21 
205 21 
205 35 
205 21 
205 35 
202 24 
202 35 
675 21 
205 21 
202 21 
191 21 
202 32 
202 21 
202 24 
330 21 
205 35 
202 21 
205 35 
205 24 
202 35 
202 21 
775 285 
202 21 
202 21 
202 21 
202 21 
205 24 
202 24 
205 35 
202 21 
205 32 
202 21 
205 35 
202 21 
202 21 
202 21 
693 24 
205 35 
202 21 
181 21 
202 21 
202 35 
458 130 
368 21 
202 24 
205 35 
202 24 
202 24 
618 21 
202 24 
205 24 
202 21 
202 21 
191 21 
205 32 
202 21 
202 35 
202 21 
202 24 
202 21 
205 21 
205 24 
520 21 
205 24 
565 32 
746 24 
202 21 
205 35 
202 21 
202 35 
202 24 
1212 35 
669 185 
202 35 
502 21 
208 24 
205 21 
202 21 
205 35 
202 24 
386 119 
179 21 
205 35 
202 24 
202 21 
202 21 
205 35 
202 21 
202 24 
205 24 
202 24 
202 21 
202 21 
205 32 
782 24 
205 35 
202 21 
594 517 
202 21 
202 24 
205 21 
466 32 
202 21 
191 24 
202 24 
202 21 
205 35 
202 21 
202 21 
202 21 
202 35 
202 21 
202 24 
202 21 
202 21 
202 21 
173 101 
202 21 
202 21 
205 35 
202 21 
205 35 
202 24 
820 24 
202 21 
202 24 
205 21 
202 21 
202 21 
205 21 
499 24 
167 21 
202 35 
205 21 
202 24 
202 24 
202 35 
603 113 
205 24 
202 21 
191 24 
202 24 
202 24 
205 21 
202 21 
205 32 
345 92 
202 35 
202 21 
202 21 
202 21 
205 35 
279 113 
202 24 
202 24 
202 21 
205 32 
205 24 
202 35 
541 21 
205 24 
202 24 
211 24 
202 24 
194 24 
202 21 
202 24 
223 35 
191 21 
205 32 
205 21 
202 35 
202 21 
205 32 
193 21 
205 35 
202 21 
202 24 
202 21 
202 21 
202 21 
360 124 
202 21 
202 21 
205 35 
202 21 
205 35 
202 24 
564 21 
202 21 
374 122 
202 21 
265 35 
205 35 
202 21 
238 21 
202 24 
276 1221 
202 21 
202 24 
205 21 
683 24 
202 21 
202 21 
205 21 
202 21 
205 35 
202 21 
202 24 
235 21 
205 24 
202 24 
202 32 
205 21 
202 21 
202 21 
191 21 
624 24 
202 21 
758 98 
202 21 
202 35 
194 24 
202 24 
271 24 
202 32 
205 21 
202 24 
205 24 
202 21 
202 24 
202 21 
205 24 
202 21 
202 35 
194 24 
202 24 
202 24 
205 35 
202 21 
202 24 
202 24 
202 21 
202 24 
202 21 
205 24 
645 21 
205 24 
184 24 
202 32 
205 24 
202 24 
205 24 
321 21 
202 24 
194 21 
202 24 
306 21 
205 24 
194 21 
743 35 
205 24 
205 24 
202 24 
202 32 
178 27 
205 21 
202 24 
205 32 
205 24 
194 24 
205 21 
202 21 
440 124 
202 21 
686 24 
202 24 
205 35 
202 24 
205 32 
205 24 
194 21 
360 21 
205 21 
205 24 
202 24 
202 35 
202 21 
205 32 
627 24 
202 21 
713 24 
205 32 
202 24 
202 21 
205 21 
734 369 
205 24 
202 24 
202 35 
205 21 
205 35 
202 24 
202 35 
737 24 
205 32 
178 24 
202 21 
205 24 
202 24 
205 24 
523 21 
205 21 
202 21 
205 32 
205 24 
202 35 
202 24 
202 32 
205 24 
368 21 
202 24 
202 24 
202 24 
202 21 
205 21 
202 21 
202 32 
205 21 
205 24 
202 21 
202 32 
205 24 
781 24 
579 24 
202 24 
205 24 
202 21 
205 21 
202 21 
431 21 
401 24 
202 32 
202 21 
202 32 
205 21 
205 24 
205 24 
544 21 
205 21 
202 21 
205 24 
202 24 
202 35 
202 24 
205 35 
202 24 
202 21 
202 21 
202 32 
205 24 
202 128 
805 24 
191 24 
202 21 
202 21 
208 32 
205 21 
202 32 
470 21 
202 24 
265 122 
194 24 
202 24 
202 21 
205 24 
202 24 
205 35 
202 21 
205 21 
205 21 
202 32 
205 24 
202 21 
205 24 
205 32 
205 24 
194 21 
205 21 
202 21 
202 24 
859 24 
205 32 
202 24 
202 35 
202 24 
362 116 
202 24 
517 21 
202 24 
178 35 
202 21 
205 24 
202 35 
202 21 
205 32 
202 24 
202 35 
202 24 
205 32 
205 24 
202 21 
202 21 
205 21 
202 24 
194 24 
205 21 
202 21 
202 32 
205 24 
885 24 
211 27 
202 21 
205 24 
194 24 
202 24 
202 21 
556 21 
202 24 
202 32 
202 21 
205 21 
202 21 
181 24 
211 24 
202 21 
205 24 
205 21 
205 24 
191 21 
205 21 
202 21 
202 24 
191 21 
205 21 
205 24 
205 35 
202 24 
202 21 
205 24 
205 32 
205 24 
202 21 
205 21 
205 21 
205 24 
592 21 
205 21 
208 24 
205 32 
202 21 
202 21 
205 21 
267 24 
205 24 
191 21 
205 21 
202 21 
455 829 
202 24 
202 35 
202 24 
205 32 
205 21 
303 35 
202 24 
191 24 
202 24 
202 21 
205 24 
202 24 
202 35 
202 21 
205 21 
205 21 
829 582 
167 21 
178 24 
208 21 
194 21 
205 24 
202 24 
306 24 
202 21 
202 24 
191 24 
202 21 
205 24 
347 24 
202 24 
202 21 
167 21 
205 24 
351 39 
202 24 
205 24 
194 21 
187 24 
202 24 
205 35 
202 24 
205 32 
202 21 
202 32 
678 21 
194 21 
202 24 
202 21 
205 21 
202 24 
202 35 
356 24 
205 35 
202 24 
205 32 
205 21 
202 32 
205 24 
202 21 
205 21 
170 21 
205 24 
191 24 
202 21 
202 21 
205 35 
202 24 
202 35 
202 24 
205 32 
202 24 
202 21 
205 24 
696 21 
205 21 
202 21 
205 24 
191 24 
202 21 
205 24 
377 24 
202 21 
202 32 
205 24 
202 21 
226 32 
202 21 
205 21 
202 21 
205 24 
191 24 
205 35 
205 21 
205 32 
167 24 
422 32 
205 21 
205 21 
205 24 
202 24 
205 24 
202 21 
758 21 
202 24 
202 35 
202 24 
205 32 
202 21 
202 21 
425 24 
202 21 
205 24 
191 21 
211 35 
194 24 
205 21 
202 21 
202 32 
205 24 
359 24 
202 24 
202 21 
407 389 
205 21 
184 24 
202 21 
202 24 
191 24 
205 35 
202 24 
205 35 
315 116 
356 42 
202 21 
202 21 
205 24 
202 32 
205 24 
460 24 
205 24 
202 21 
208 21 
205 24 
205 32 
202 24 
202 35 
202 24 
205 32 
214 502 
451 24 
202 24 
202 21 
205 21 
199 24 
202 35 
202 21 
205 35 
202 24 
410 32 
202 21 
841 21 
205 24 
202 24 
202 24 
194 24 
205 21 
202 21 
508 24 
202 21 
202 32 
205 24 
205 113 
202 21 
202 32 
205 24 
202 21 
205 24 
202 24 
202 24 
202 21 
205 24 
202 24 
202 35 
202 24 
205 32 
202 24 
202 21 
202 21 
205 32 
874 21 
191 24 
202 21 
202 21 
945 838 
202 21 
205 32 
541 24 
205 24 
205 24 
205 32 
202 24 
202 21 
205 24 
179 21 
205 21 
205 24 
202 35 
202 21 
205 32 
202 24 
205 24 
205 24 
205 32 
202 24 
202 21 
205 21 
202 24 
1028 21 
892 21 
267 21 
202 24 
202 32 
205 21 
205 32 
202 21 
567 24 
214 125 
205 21 
205 24 
191 21 
205 21 
205 24 
241 21 
190 69 
205 35 
202 24 
205 32 
205 24 
202 21 
205 24 
202 32 
205 24 
194 24 
205 24 
202 21 
205 21 
202 21 
205 32 
191 21 
205 21 
202 21 
205 35 
360 21 
205 21 
606 24 
202 24 
205 21 
202 21 
205 24 
202 24 
202 35 
265 21 
205 32 
205 24 
202 21 
205 24 
194 21 
202 24 
790 487 
205 21 
202 21 
205 24 
202 24 
205 21 
202 21 
270 24 
202 21 
202 32 
205 24 
202 21 
205 21 
571 119 
202 24 
654 24 
205 21 
202 21 
202 32 
205 21 
205 24 
202 21 
535 407 
202 24 
202 21 
205 24 
202 24 
202 24 
202 21 
592 24 
194 21 
205 32 
205 24 
205 21 
205 24 
205 32 
205 24 
202 21 
205 24 
202 24 
202 24 
778 119 
202 21 
164 21 
707 24 
205 24 
202 35 
205 21 
205 32 
205 24 
194 24 
360 21 
202 21 
205 24 
202 24 
202 32 
202 21 
205 32 
202 24 
202 35 
202 24 
190 110 
205 24 
205 32 
205 24 
202 21 
205 21 
202 21 
1266 523 
194 24 
205 21 
202 21 
202 32 
734 24 
205 32 
205 24 
202 21 
202 21 
202 21 
205 24 
387 21 
202 32 
194 24 
205 21 
253 130 
202 32 
202 24 
202 21 
202 24 
202 32 
205 24 
202 21 
178 24 
202 24 
202 35 
202 21 
897 624 
232 125 
205 32 
202 24 
202 32 
202 24 
784 24 
205 21 
202 24 
205 24 
194 21 
205 21 
202 21 
425 21 
205 21 
202 32 
205 24 
240 24 
205 24 
173 24 
205 24 
205 24 
205 24 
202 21 
184 24 
202 21 
202 32 
205 24 
202 21 
202 21 
205 32 
205 24 
202 21 
205 24 
202 24 
805 24 
191 24 
202 21 
202 21 
205 32 
205 24 
202 35 
473 21 
202 21 
205 24 
191 21 
202 24 
205 21 
1120 152 
194 21 
205 21 
202 21 
205 35 
202 24 
202 35 
202 24 
205 32 
675 21 
205 21 
205 24 
202 24 
202 24 
202 24 
205 21 
847 24 
205 32 
202 24 
181 21 
205 21 
202 32 
205 24 
517 21 
205 24 
202 21 
205 24 
202 24 
202 32 
194 24 
184 24 
202 24 
517 32 
205 24 
202 21 
205 24 
194 21 
202 24 
202 21 
205 21 
205 24 
202 35 
202 21 
205 35 
202 24 
903 24 
205 24 
205 32 
217 21 
202 21 
205 24 
202 24 
559 21 
202 21 
202 32 
202 21 
205 21 
202 21 
173 38 
202 24 
202 21 
339 41 
205 21 
205 24 
202 24 
202 24 
202 24 
205 21 
205 24 
202 32 
205 24 
202 21 
205 24 
205 32 
205 24 
202 21 
205 24 
202 24 
205 24 
202 21 
205 21 
589 21 
205 21 
202 21 
202 32 
196 300 
202 32 
205 21 
264 24 
205 24 
191 24 
205 35 
205 21 
291 119 
202 21 
202 32 
205 24 
202 21 
202 21 
202 32 
205 24 
202 21 
205 21 
205 24 
202 24 
194 21 
306 38 
205 24 
205 35 
202 24 
639 21 
205 24 
202 21 
202 24 
202 32 
749 32 
205 21 
303 24 
202 21 
202 24 
191 24 
205 35 
211 21 
205 24 
461 32 
205 21 
214 24 
202 21 
205 21 
205 24 
205 24 
202 21 
205 21 
202 21 
205 32 
191 21 
205 21 
205 24 
205 32 
669 21 
205 21 
205 24 
238 24 
202 24 
184 24 
202 32 
339 24 
202 35 
205 24 
270 21 
205 24 
457 1218 
205 24 
194 21 
202 24 
202 21 
205 24 
202 24 
202 21 
202 21 
205 35 
202 24 
202 35 
202 24 
205 32 
202 24 
202 21 
205 24 
170 21 
205 24 
194 21 
205 21 
202 21 
273 21 
202 21 
380 24 
202 21 
983 24 
202 24 
202 21 
205 24 
194 21 
205 21 
202 21 
202 24 
191 21 
178 24 
202 21 
202 32 
205 24 
202 21 
205 24 
191 21 
202 24 
202 21 
743 130 
205 24 
1560 21 
419 250 
205 21 
202 21 
205 35 
202 24 
202 21 
428 24 
205 32 
205 24 
202 21 
205 21 
202 24 
202 35 
202 21 
205 35 
202 24 
202 32 
205 21 
205 32 
205 24 
202 21 
205 21 
205 21 
205 24 
191 21 
205 21 
202 21 
205 32 
800 21 
205 32 
202 24 
202 21 
202 21 
208 24 
202 24 
463 24 
202 24 
202 24 
202 21 
205 24 
202 32 
205 21 
205 21 
202 21 
205 35 
202 24 
202 21 
728 303 
202 21 
205 24 
191 21 
205 21 
205 24 
205 32 
434 119 
202 21 
193 21 
823 21 
205 21 
205 24 
205 24 
191 21 
205 21 
202 21 
508 24 
202 21 
475 1049 
205 24 
205 32 
205 24 
202 21 
205 24 
202 21 
205 24 
202 21 
297 21 
202 21 
205 24 
202 24 
202 32 
205 24 
205 24 
202 21 
202 32 
205 24 
202 21 
868 21 
191 21 
205 21 
202 21 
202 24 
191 24 
202 21 
535 24 
202 32 
202 21 
202 21 
205 24 
202 32 
205 24 
603 588 
205 21 
202 21 
202 24 
191 21 
205 21 
202 21 
202 32 
205 24 
962 125 
205 24 
202 24 
205 24 
191 24 
202 21 
895 21 
205 24 
202 24 
202 32 
211 24 
205 35 
205 24 
570 24 
202 24 
202 21 
205 24 
202 24 
205 21 
202 21 
267 98 
202 24 
202 32 
205 24 
205 32 
202 24 
202 21 
202 24 
202 32 
205 24 
194 24 
205 21 
205 24 
205 24 
202 21 
205 32 
202 24 
202 32 
205 21 
205 21 
205 24 
191 21 
624 24 
202 24 
202 24 
205 24 
205 24 
202 24 
202 35 
226 122 
205 21 
428 27 
205 21 
205 24 
202 24 
205 24 
191 24 
205 24 
202 24 
202 35 
252 24 
202 35 
202 24 
205 32 
202 21 
202 32 
205 24 
202 24 
205 24 
847 21 
205 35 
671 24 
205 21 
553 50 
202 32 
205 24 
205 35 
202 24 
303 21 
205 24 
191 21 
202 24 
202 21 
205 24 
202 24 
202 35 
202 24 
205 35 
202 24 
416 32 
205 24 
202 24 
202 21 
202 21 
205 21 
202 24 
493 122 
211 24 
202 21 
202 21 
692 24 
202 24 
205 32 
205 21 
205 35 
193 24 
191 24 
360 21 
202 21 
205 21 
170 32 
205 21 
202 21 
202 32 
205 24 
202 21 
202 21 
341 125 
205 24 
202 21 
205 24 
191 21 
205 21 
202 21 
205 24 
191 24 
205 35 
202 24 
205 35 
725 24 
205 32 
202 24 
202 21 
205 24 
194 21 
205 21 
375 21 
205 35 
202 21 
205 21 
202 21 
202 21 
205 24 
205 35 
208 24 
194 21 
202 24 
202 21 
205 24 
191 24 
202 21 
202 21 
202 32 
191 21 
205 24 
202 21 
202 32 
205 24 
781 24 
202 21 
205 24 
205 24 
202 21 
205 21 
202 24 
431 21 
202 21 
202 32 
205 24 
202 21 
205 24 
194 21 
205 24 
202 21 
695 24 
205 21 
202 32 
402 122 
205 21 
202 21 
205 32 
202 24 
202 21 
184 24 
202 21 
202 24 
202 24 
823 24 
191 21 
205 21 
202 21 
205 32 
205 24 
202 35 
202 21 
205 32 
205 24 
202 21 
205 21 
202 24 
202 24 
591 32 
205 35 
202 21 
205 32 
202 24 
202 35 
202 21 
205 32 
205 24 
194 24 
184 21 
181 21 
214 35 
208 21 
175 21 
208 24 
360 386 
362 21 
178 24 
184 24 
178 24 
167 21 
205 21 
205 24 
170 32 
187 21 
179 21 
202 21 
190 21 
900 24 
384 21 
167 173 
21 196 
968 24 
1079 32 
170 35 
173 27 
211 35 
187 30 
199 44 
208 24 
740 208 
190 24 
225 220 
223 173 
35 223 
30 170 
36 39 
202 21 
205 24 
164 24 
669 24 
220 24 
178 21 
312 21 
178 21 
208 21 
196 32 
205 21 
194 24 
202 24 
164 35 
202 24 
202 21 
755 24 
232 21 
321 32 
280 21 
178 21 
184 24 
176 21 
167 21 
184 193 
45 187 
45 47 
704 38 
238 35 
205 24 
550 21 
202 24 
589 21 
178 24 
167 21 
181 24 
202 24 
202 24 
196 24 
686 21 
202 24 
167 32 
205 21 
202 21 
184 179 
24 173 
42 42 
223 193 
48 205 
176 27 
202 35 
202 24 
237 21 
205 21 
665 354 
208 32 
402 24 
202 21 
167 35 
202 35 
202 21 
630 21 
202 24 
202 24 
205 21 
202 21 
178 21 
194 24 
312 35 
164 24 
205 21 
202 21 
582 21 
202 21 
205 32 
202 21 
205 35 
202 21 
164 32 
202 21 
241 21 
205 24 
202 24 
178 21 
202 24 
600 119 
202 21 
202 24 
164 24 
205 35 
294 24 
193 35 
202 24 
175 35 
178 21 
205 21 
178 21 
336 24 
202 32 
202 21 
205 35 
202 21 
202 24 
202 21 
208 24 
202 24 
194 24 
788 24 
202 21 
205 24 
202 21 
300 1153 
202 24 
202 32 
211 21 
202 24 
205 21 
202 24 
202 21 
699 21 
205 24 
202 21 
202 35 
191 21 
205 35 
202 21 
241 38 
167 21 
202 21 
205 24 
191 21 
202 21 
202 21 
202 21 
202 24 
205 35 
202 21 
202 35 
205 21 
205 32 
202 21 
184 27 
202 24 
205 24 
205 21 
205 24 
265 24 
205 21 
743 21 
202 24 
202 35 
202 21 
205 35 
202 24 
202 21 
428 24 
202 24 
205 24 
191 24 
205 35 
202 24 
202 24 
202 24 
217 32 
205 21 
202 32 
202 24 
205 32 
205 24 
202 21 
205 21 
205 21 
205 24 
191 21 
205 21 
205 24 
205 32 
797 21 
205 32 
167 21 
178 35 
202 24 
202 32 
178 21 
511 119 
202 24 
211 24 
178 24 
175 32 
178 24 
202 24 
202 35 
202 21 
176 229 
202 24 
205 21 
205 24 
161 35 
175 21 
202 21 
205 24 
244 113 
205 35 
202 21 
615 35 
202 21 
882 21 
205 24 
194 24 
202 21 
202 21 
202 21 
191 24 
205 35 
202 21 
205 35 
167 21 
258 24 
202 24 
392 24 
202 24 
178 35 
202 21 
205 21 
202 21 
202 24 
205 24 
182 21 
205 35 
202 21 
208 24 
202 24 
178 32 
202 21 
208 21 
880 21 
167 21 
205 24 
164 24 
178 21 
176 24 
392 21 
696 24 
202 35 
205 21 
178 24 
202 21 
178 24 
217 719 
184 24 
208 35 
202 24 
181 24 
202 24 
202 32 
191 24 
202 35 
755 32 
205 35 
208 24 
191 21 
164 21 
202 21 
205 21 
202 21 
205 24 
178 24 
202 35 
211 21 
202 24 
416 24 
573 21 
205 24 
202 21 
202 21 
202 24 
205 24 
202 24 
235 32 
167 24 
187 27 
205 24 
205 21 
202 21 
202 24 
205 21 
205 21 
205 21 
202 21 
184 35 
202 24 
220 32 
194 24 
267 21 
202 21 
205 24 
164 24 
178 21 
202 24 
286 24 
918 113 
188 24 
205 24 
202 21 
202 21 
202 21 
202 35 
312 24 
208 35 
202 24 
202 24 
205 32 
208 24 
205 21 
202 21 
175 24 
202 21 
1212 24 
194 24 
202 35 
205 21 
205 32 
202 21 
178 21 
202 21 
205 35 
300 21 
191 24 
202 24 
651 24 
205 35 
185 24 
178 24 
167 35 
205 24 
202 21 
315 24 
167 24 
226 21 
202 24 
178 32 
181 21 
764 21 
502 21 
202 21 
178 24 
178 35 
202 24 
167 21 
164 24 
202 24 
194 24 
202 24 
190 35 
205 21 
164 35 
202 35 
194 24 
722 32 
202 21 
167 21 
205 21 
202 35 
205 21 
178 32 
639 35 
173 30 
178 24 
214 24 
205 35 
205 24 
181 24 
205 24 
532 21 
181 35 
205 21 
205 24 
238 24 
181 24 
223 56 
497 24 
184 30 
214 27 
211 30 
211 30 
214 26 
211 24 
182 24 
184 32 
220 21 
184 47 
190 30 
176 36 
214 27 
223 24 
205 880 
30 193 
27 220 
62 36 
184 35 
196 24 
226 24 
223 187 
51 27 
235 24 
184 33 
188 27 
223 35 
178 190 
62 686 
273 38 
211 41 
734 24 
751 957 
193 24 
835 24 
161 24 
208 187 
36 33 
202 21 
170 30 
339 24 
226 380 
24 546 
24 184 
24 164 
21 178 
35 205 
54 47 
211 35 
202 24 
205 21 
205 24 
202 24 
205 21 
191 21 
175 24 
176 33 
211 24 
202 24 
205 24 
202 21 
803 24 
202 21 
161 35 
175 24 
205 24 
193 21 
479 190 
386 24 
202 24 
202 35 
496 24 
211 24 
164 21 
205 32 
178 21 
205 21 
208 24 
241 24 
202 24 
199 119 
205 35 
202 21 
205 32 
205 21 
205 21 
419 345 
178 32 
205 21 
167 35 
202 21 
167 35 
175 21 
853 21 
178 24 
191 21 
202 32 
205 21 
178 21 
167 21 
526 24 
202 24 
205 24 
175 24 
191 21 
205 32 
277 24 
294 24 
205 24 
196 32 
214 21 
178 21 
181 21 
184 35 
196 30 
193 30 
208 30 
173 38 
173 24 
208 24 
202 24 
202 24 
882 32 
202 21 
178 24 
202 24 
386 273 
202 21 
196 21 
214 21 
220 187 
24 211 
24 591 
21 167 
35 214 
24 196 
27 238 
176 30 
217 27 
178 21 
202 21 
176 21 
428 32 
205 21 
175 21 
191 24 
223 906 
202 21 
205 35 
202 24 
202 35 
202 24 
191 24 
205 21 
202 21 
205 21 
431 21 
258 24 
208 30 
205 24 
181 24 
205 24 
202 21 
178 24 
205 21 
202 24 
202 24 
191 24 
175 21 
202 21 
205 21 
199 24 
202 35 
202 24 
202 24 
202 21 
205 32 
202 21 
202 21 
205 21 
202 21 
202 21 
202 21 
205 21 
229 24 
205 32 
199 24 
645 24 
202 21 
202 21 
202 21 
205 35 
175 21 
202 21 
297 21 
202 21 
202 21 
199 24 
202 32 
202 21 
205 35 
202 21 
202 24 
202 21 
202 35 
202 21 
202 21 
205 21 
202 21 
205 35 
191 24 
164 21 
202 21 
202 35 
262 21 
202 35 
785 24 
202 24 
202 24 
167 35 
202 21 
202 21 
205 24 
470 35 
178 21 
363 24 
205 24 
202 21 
202 24 
202 21 
202 21 
164 24 
199 24 
202 21 
749 21 
205 21 
202 21 
205 35 
193 21 
175 24 
1869 24 
273 24 
256 35 
167 35 
282 21 
755 24 
175 32 
205 24 
205 21 
191 21 
202 24 
202 24 
380 24 
205 24 
205 32 
205 24 
205 21 
205 24 
535 24 
205 24 
268 32 
205 21 
205 24 
202 35 
544 24 
202 32 
205 24 
202 32 
205 24 
205 21 
178 24 
167 35 
202 21 
205 24 
321 32 
205 24 
202 35 
202 21 
205 32 
202 24 
422 253 
425 21 
205 21 
205 24 
202 21 
202 24 
205 24 
202 24 
205 24 
205 32 
202 21 
205 32 
202 24 
202 32 
205 24 
191 21 
205 24 
202 21 
205 32 
205 24 
202 24 
205 24 
205 32 
806 21 
202 32 
205 24 
205 21 
202 24 
205 21 
205 21 
568 21 
202 24 
205 24 
178 24 
191 21 
205 21 
205 24 
202 35 
202 24 
205 21 
202 24 
202 32 
205 24 
202 24 
202 24 
253 294 
205 21 
205 24 
202 35 
164 32 
202 32 
184 27 
184 24 
205 24 
194 21 
205 24 
318 116 
178 24 
202 21 
663 24 
205 21 
205 32 
205 21 
205 32 
205 21 
234 21 
205 24 
205 21 
178 21 
170 21 
205 21 
202 21 
205 32 
205 24 
205 24 
202 24 
205 32 
205 24 
205 21 
205 24 
202 32 
877 21 
191 21 
205 35 
196 24 
205 32 
194 21 
205 35 
666 32 
205 32 
205 21 
202 32 
205 24 
191 21 
205 24 
879 24 
205 21 
205 21 
205 32 
202 24 
202 24 
202 24 
205 32 
205 24 
205 24 
202 24 
191 21 
205 24 
205 21 
205 24 
871 24 
205 35 
202 24 
205 24 
202 21 
431 357 
202 24 
579 21 
202 24 
205 21 
205 21 
191 21 
205 32 
360 404 
226 24 
191 21 
178 24 
205 21 
205 32 
205 24 
205 21 
170 24 
202 32 
205 24 
191 21 
205 24 
202 24 
1132 119 
728 27 
178 24 
164 21 
1432 24 
205 24 
205 21 
202 21 
178 21 
615 24 
202 24 
205 24 
182 21 
205 32 
205 24 
205 21 
271 21 
205 35 
202 24 
202 24 
202 24 
202 24 
202 24 
416 24 
202 21 
208 24 
205 32 
202 21 
205 32 
205 24 
205 21 
205 24 
205 24 
202 24 
202 21 
205 21 
202 21 
615 32 
654 21 
205 32 
205 21 
205 35 
202 21 
205 21 
253 371 
306 21 
202 24 
285 1316 
205 24 
202 24 
205 24 
636 86 
205 24 
202 24 
205 35 
205 24 
205 32 
205 24 
202 24 
205 24 
205 21 
205 24 
202 24 
205 24 
205 24 
178 24 
327 24 
184 24 
202 24 
205 32 
205 24 
594 591 
205 21 
191 21 
366 21 
202 24 
205 24 
205 24 
205 21 
191 21 
205 24 
202 21 
178 21 
202 21 
202 32 
205 24 
191 21 
181 184 
205 24 
205 21 
202 21 
205 35 
202 24 
202 32 
202 21 
205 21 
927 24 
202 32 
205 24 
202 24 
202 24 
202 24 
205 21 
390 21 
205 32 
194 21 
205 32 
205 24 
202 32 
205 24 
202 32 
205 24 
205 21 
205 24 
202 21 
205 35 
205 24 
205 24 
205 24 
205 32 
1554 526 
205 35 
205 24 
202 24 
164 24 
787 21 
205 24 
205 21 
205 21 
194 21 
205 32 
205 24 
478 24 
205 24 
202 35 
211 21 
181 24 
175 21 
181 24 
178 24 
191 21 
205 32 
205 24 
205 24 
205 24 
205 32 
205 21 
178 21 
205 24 
202 32 
202 24 
205 21 
205 24 
202 21 
823 24 
191 21 
205 32 
202 24 
205 35 
202 24 
202 21 
464 21 
205 21 
202 24 
202 32 
205 24 
205 24 
205 24 
202 21 
205 35 
205 24 
205 32 
164 24 
178 21 
184 24 
178 35 
208 21 
202 21 
175 21 
205 21 
205 21 
167 24 
205 35 
859 21 
205 32 
202 21 
205 35 
202 21 
202 32 
202 21 
202 24 
202 21 
202 24 
205 21 
191 24 
633 772 
202 21 
202 35 
627 21 
208 35 
202 24 
202 21 
202 21 
202 21 
550 24 
220 21 
202 21 
202 21 
205 21 
199 21 
205 35 
217 21 
903 21 
202 21 
297 35 
811 21 
202 21 
202 24 
202 21 
559 24 
202 21 
205 21 
202 21 
202 35 
725 24 
202 35 
202 21 
469 357 
164 21 
202 24 
202 21 
191 654 
175 21 
202 21 
202 35 
199 24 
205 35 
202 24 
211 21 
205 24 
202 24 
202 24 
205 24 
202 21 
202 21 
202 24 
164 35 
731 35 
600 21 
178 21 
164 32 
202 35 
202 21 
202 32 
202 21 
238 21 
205 21 
205 24 
202 24 
202 21 
208 54 
820 122 
202 35 
202 24 
205 35 
202 24 
202 35 
202 21 
191 24 
205 21 
202 24 
205 24 
191 21 
202 21 
202 21 
205 35 
202 24 
645 24 
202 24 
202 24 
202 21 
167 35 
208 21 
386 517 
303 21 
202 21 
205 24 
202 24 
202 24 
202 21 
202 35 
202 24 
202 24 
202 21 
191 24 
205 21 
202 21 
205 24 
199 24 
205 35 
202 21 
178 21 
199 21 
205 35 
811 24 
205 35 
300 24 
202 24 
202 21 
202 21 
205 24 
202 24 
205 35 
342 21 
205 35 
202 24 
202 21 
571 35 
178 24 
202 21 
202 21 
178 21 
164 35 
193 21 
202 21 
205 24 
167 35 
178 24 
199 24 
234 21 
202 21 
181 21 
205 24 
191 24 
202 21 
164 21 
205 35 
178 35 
178 21 
202 21 
205 35 
164 21 
374 21 
202 21 
205 35 
205 21 
191 24 
208 35 
589 21 
205 35 
202 21 
205 21 
202 24 
205 35 
202 21 
202 32 
202 21 
202 21 
164 21 
191 24 
202 24 
202 24 
202 24 
202 24 
749 24 
202 21 
205 35 
202 21 
202 32 
247 35 
205 24 
425 21 
205 24 
202 24 
202 24 
205 21 
214 24 
273 24 
208 21 
202 32 
205 24 
205 35 
202 21 
202 35 
205 24 
191 24 
202 21 
202 24 
202 21 
199 24 
205 35 
202 21 
202 32 
800 24 
178 21 
202 24 
202 24 
253 505 
202 21 
205 21 
202 21 
205 21 
202 21 
181 24 
178 35 
205 35 
202 113 
202 35 
205 21 
205 35 
175 24 
205 24 
202 21 
178 35 
205 35 
191 24 
202 21 
202 21 
205 32 
630 21 
205 35 
202 21 
841 24 
202 21 
202 24 
202 24 
191 24 
205 35 
202 21 
502 21 
205 24 
202 35 
202 24 
232 38 
205 24 
202 35 
211 21 
205 24 
202 24 
191 21 
202 24 
517 89 
202 32 
202 21 
496 98 
205 21 
205 24 
202 21 
202 35 
205 21 
751 24 
868 24 
191 24 
205 24 
202 21 
214 21 
202 21 
205 35 
526 21 
205 24 
202 21 
205 24 
202 21 
191 24 
202 24 
173 24 
202 24 
202 21 
205 24 
205 21 
229 21 
205 24 
205 35 
431 122 
178 32 
202 21 
191 24 
202 24 
202 24 
312 24 
892 24 
202 21 
205 24 
205 35 
202 21 
202 21 
202 21 
588 21 
202 24 
205 24 
202 21 
202 21 
205 21 
202 21 
238 24 
202 21 
202 32 
205 24 
208 35 
202 24 
199 35 
205 24 
191 24 
175 24 
205 24 
303 24 
202 21 
205 24 
202 24 
205 35 
202 21 
202 35 
205 21 
205 32 
205 21 
178 35 
178 24 
205 21 
205 24 
202 24 
208 24 
202 21 
217 21 
511 24 
205 32 
202 24 
205 32 
205 24 
202 24 
205 24 
202 21 
612 125 
205 21 
205 32 
191 21 
205 24 
202 24 
178 32 
202 21 
202 32 
205 24 
178 32 
303 24 
722 1584 
164 24 
187 32 
178 24 
202 24 
294 24 
191 21 
205 24 
202 24 
341 24 
205 32 
191 21 
202 21 
202 21 
202 21 
182 21 
178 24 
202 24 
178 24 
170 21 
178 21 
205 24 
205 32 
1290 24 
202 32 
205 24 
205 21 
205 24 
205 24 
175 21 
205 21 
695 21 
184 35 
205 32 
181 24 
463 333 
184 68 
176 24 
871 24 
161 35 
173 190 
35 205 
21 211 
24 446 
24 211 
21 184 
35 214 
24 193 
32 167 
24 208 
35 205 
24 208 
35 205 
21 211 
24 205 
24 214 
24 205 
35 333 
21 202 
35 205 
21 597 
32 205 
21 205 
24 214 
21 205 
21 205 
21 191 
21 235 
21 205 
35 205 
35 208 
21 205 
32 205 
24 205 
32 205 
21 202 
32 205 
24 202 
32 205 
24 181 
21 205 
24 205 
24 205 
21 205 
24 211 
35 205 
24 205 
32 606 
21 202 
32 630 
24 208 
21 205 
24 205 
24 208 
24 205 
21 178 
21 277 
24 205 
21 202 
24 208 
35 205 
24 202 
32 395 
21 208 
21 205 
24 205 
24 205 
21 205 
21 208 
24 565 
21 214 
35 208 
24 202 
32 208 
24 205 
21 205 
24 205 
24 205 
21 226 
21 205 
21 191 
21 205 
24 194 
21 181 
21 205 
24 333 
21 205 
21 469 
35 205 
24 205 
21 205 
21 205 
21 205 
24 205 
35 208 
35 205 
24 205 
32 205 
24 493 
35 205 
21 202 
32 205 
24 208 
24 205 
24 802 
24 208 
24 208 
21 704 
24 205 
41 220 
27 184 
24 184 
32 184 
24 208 
32 366 
24 202 
32 205 
24 205 
21 205 
21 205 
21 208 
24 280 
24 205 
35 205 
24 202 
32 205 
24 205 
32 205 
21 205 
21 205 
21 191 
21 205 
21 194 
21 205 
24 205 
21 205 
32 737 
21 205 
32 205 
24 181 
32 205 
24 208 
35 205 
21 416 
24 208 
24 205 
32 205 
24 360 
21 205 
32 205 
24 208 
35 202 
24 208 
35 205 
24 205 
21 205 
21 202 
24 208 
24 205 
24 205 
21 205 
21 205 
32 205 
21 630 
35 205 
21 787 
35 205 
21 202 
24 208 
24 208 
21 205 
21 202 
32 461 
21 205 
21 208 
32 205 
24 205 
32 205 
24 344 
35 205 
21 205 
21 205 
24 276 
24 205 
21 202 
32 205 
35 205 
24 208 
35 202 
24 205 
24 170 
24 205 
21 205 
24 205 
24 820 
24 194 
24 184 
21 191 
21 205 
21 208 
21 205 
32 476 
24 205 
32 208 
24 181 
24 205 
21 205 
24 205 
21 464 
24 208 
21 208 
35 205 
35 208 
21 205 
32 205 
24 205 
32 205 
24 853 
24 205 
21 205 
21 205 
24 191 
21 208 
21 879 
35 205 
35 208 
24 178 
35 205 
24 205 
32 205 
24 523 
32 205 
21 205 
21 205 
24 205 
24 173 
21 205 
21 196 
35 205 
24 205 
35 205 
24 202 
32 208 
24 205 
21 327 
21 202 
32 205 
24 205 
21 208 
21 191 
21 205 
21 208 
21 903 
21 205 
21 178 
35 639 
24 205 
35 208 
24 181 
24 208 
24 208 
24 205 
21 205 
21 205 
24 205 
24 740 
35 220 
21 205 
32 205 
24 208 
24 208 
24 205 
32 672 
24 181 
24 205 
24 205 
24 205 
24 208 
21 205 
32 208 
24 205 
32 208 
38 187 
32 202 
21 202 
35 205 
24 202 
24 205 
24 725 
21 205 
21 202 
21 208 
32 202 
24 205 
35 345 
21 270 
32 205 
21 202 
21 202 
24 208 
35 205 
21 205 
21 205 
24 205 
21 208 
32 202 
24 205 
35 208 
21 205 
24 205 
24 205 
35 205 
21 202 
21 205 
21 191 
21 270 
35 205 
21 657 
35 205 
21 205 
35 205 
21 202 
35 205 
24 205 
35 312 
21 205 
24 208 
21 205 
21 205 
35 205 
21 202 
35 205 
21 258 
21 202 
21 205 
35 205 
24 208 
24 205 
21 205 
21 205 
24 205 
24 502 
21 205 
21 202 
35 205 
24 969 
35 672 
24 205 
32 202 
21 205 
24 205 
21 202 
24 205 
24 330 
21 208 
24 191 
21 205 
21 205 
21 205 
35 208 
21 205 
24 208 
21 202 
32 202 
24 205 
35 205 
21 205 
21 205 
21 205 
24 211 
35 205 
21 205 
32 306 
21 202 
35 205 
21 722 
21 205 
21 561 
24 205 
24 205 
24 205 
35 205 
21 398 
21 202 
21 205 
35 167 
21 208 
24 205 
21 202 
32 202 
24 205 
21 205 
24 208 
35 205 
35 205 
24 205 
32 164 
21 205 
21 205 
21 202 
32 202 
21 205 
24 202 
21 202 
35 178 
21 202 
21 205 
24 167 
24 205 
24 205 
21 205 
35 345 
21 205 
21 205 
24 205 
35 208 
21 202 
21 205 
21 205 
21 205 
21 202 
21 202 
35 205 
21 178 
35 205 
21 202 
35 205 
24 208 
24 205 
21 574 
24 362 
21 202 
21 205 
24 809 
24 615 
35 205 
21 205 
35 208 
21 205 
35 205 
24 585 
24 205 
24 191 
21 205 
24 205 
21 205 
24 191 
21 205 
21 202 
21 205 
32 205 
24 205 
21 205 
24 205 
24 205 
24 208 
24 249 
21 164 
21 318 
21 191 
21 205 
24 205 
21 847 
35 205 
24 202 
35 205 
21 191 
24 205 
24 202 
21 490 
21 205 
35 205 
21 205 
21 175 
32 202 
21 205 
35 1266 
21 205 
35 205 
21 202 
32 205 
21 202 
21 202 
24 205 
21 199 
35 205 
21 208 
35 167 
21 404 
32 205 
24 202 
32 874 
21 205 
24 205 
21 205 
24 205 
24 205 
24 205 
35 190 
21 205 
35 205 
21 202 
35 208 
21 178 
24 205 
24 181 
24 178 
24 205 
21 205 
24 205 
21 205 
24 170 
24 267 
35 205 
21 205 
21 205 
24 208 
32 202 
21 202 
35 181 
24 208 
21 205 
24 208 
35 208 
21 170 
21 178 
35 205 
24 469 
35 205 
24 202 
35 205 
24 208 
24 253 
21 191 
21 238 
21 181 
24 208 
21 205 
24 205 
35 205 
24 208 
21 202 
24 208 
32 205 
24 205 
21 205 
21 191 
21 443 
21 205 
35 205 
35 205 
24 208 
24 202 
24 208 
35 208 
24 205 
21 612 
21 202 
32 205 
24 205 
21 205 
21 202 
39 24 
184 35 
234 27 
187 24 
190 41 
184 24 
187 240 
21 211 
24 208 
24 205 
21 202 
24 208 
24 205 
32 814 
24 164 
21 205 
32 205 
24 211 
32 184 
21 178 
32 205 
24 208 
32 779 
24 680 
24 208 
24 202 
35 199 
21 208 
21 208 
32 205 
24 336 
21 205 
24 182 
35 205 
21 202 
32 208 
21 202 
24 208 
24 208 
32 205 
21 205 
21 205 
32 205 
21 844 
32 226 
24 365 
35 205 
24 202 
32 205 
24 791 
21 205 
24 205 
21 446 
21 208 
21 208 
32 205 
21 205 
32 208 
24 208 
35 369 
21 205 
21 205 
24 191 
21 208 
21 194 
21 205 
24 187 
21 211 
32 208 
24 205 
21 202 
24 208 
35 181 
24 205 
21 205 
21 202 
24 404 
21 205 
21 205 
21 191 
21 205 
24 746 
24 205 
32 297 
24 205 
32 205 
24 205 
21 205 
21 407 
32 202 
24 205 
24 205 
21 205 
21 205 
24 205 
24 208 
35 202 
24 205 
21 178 
24 205 
24 208 
21 202 
24 205 
21 202 
24 208 
21 205 
21 205 
24 253 
21 205 
32 205 
21 787 
21 205 
21 202 
32 205 
24 208 
21 205 
21 167 
21 446 
21 202 
24 208 
32 895 
24 205 
32 205 
24 205 
21 205 
24 208 
21 205 
24 240 
24 205 
24 208 
21 205 
24 211 
24 208 
24 205 
24 205 
32 205 
21 202 
32 695 
21 205 
24 832 
24 181 
32 205 
24 205 
24 291 
24 205 
24 205 
35 437 
21 202 
32 208 
21 205 
21 205 
24 184 
21 208 
24 211 
21 208 
21 283 
24 205 
24 194 
21 205 
24 208 
24 202 
35 167 
24 205 
32 205 
24 270 
24 205 
24 208 
32 205 
21 879 
24 205 
21 205 
21 205 
24 208 
24 208 
35 202 
24 181 
32 178 
24 205 
24 208 
21 202 
21 205 
24 208 
21 196 
35 205 
21 205 
32 205 
21 208 
24 205 
24 208 
35 205 
24 202 
32 205 
21 167 
21 208 
21 205 
21 205 
21 191 
21 199 
32 205 
24 181 
35 208 
24 208 
35 202 
24 202 
32 562 
21 808 
24 722 
24 205 
24 205 
21 205 
21 205 
24 226 
24 392 
21 202 
21 208 
35 184 
21 205 
21 187 
24 220 
21 205 
24 205 
32 181 
35 205 
21 205 
24 208 
24 205 
32 205 
24 205 
21 205 
24 208 
21 205 
24 194 
21 208 
24 618 
21 205 
24 202 
21 205 
21 202 
24 205 
30 228 
407 24 
202 21 
202 24 
191 24 
202 21 
167 32 
725 35 
175 21 
184 30 
176 24 
193 187 
211 59 
32 205 
24 202 
32 205 
21 665 
24 205 
24 191 
21 208 
21 309 
21 196 
21 202 
24 300 
24 205 
24 208 
32 268 
21 178 
24 205 
21 205 
21 291 
24 181 
21 205 
21 181 
21 178 
24 229 
24 205 
21 199 
24 205 
32 205 
21 184 
32 205 
24 942 
32 205 
24 181 
21 205 
24 205 
24 211 
32 464 
24 264 
32 205 
21 202 
32 675 
24 208 
32 196 
24 1043 
30 211 
220 24 
190 193 
252 24 
214 21 
211 35 
164 24 
190 32 
205 24 
228 24 
681 24 
205 24 
187 27 
190 24 
214 30 
170 24 
205 35 
225 29 
190 30 
202 21 
202 35 
190 38 
1298 992 
164 24 
178 35 
202 24 
178 35 
175 21 
193 187 
24 211 
24 208 
38 217 
24 208 
35 205 
24 208 
30 228 
53 104 
208 24 
205 24 
211 41 
211 24 
202 24 
211 30 
170 24 
178 24 
208 21 
178 24 
199 36 
176 30 
190 41 
181 181 
21 1266 
38 214 
65 50 
838 33 
214 36 
193 27 
211 24 
202 21 
217 30 
208 24 
582 21 
214 35 
208 24 
199 170 
30 211 
38 217 
59 199 
211 33 
208 24 
205 32 
202 24 
205 32 
202 35 
205 32 
223 27 
906 140 
211 35 
202 21 
214 41 
222 24 
202 35 
217 30 
853 24 
190 24 
288 250 
184 30 
214 35 
211 24 
202 24 
202 21 
208 24 
202 21 
161 35 
202 35 
194 24 
202 24 
262 24 
226 24 
202 21 
202 35 
228 24 
208 24 
205 24 
205 35 
214 30 
217 44 
202 24 
194 21 
211 24 
217 33 
205 21 
205 24 
208 27 
217 41 
214 193 
48 33 
211 24 
202 24 
585 24 
208 24 
202 21 
208 33 
202 33 
187 24 
211 24 
365 21 
202 24 
193 30 
217 24 
214 50 
214 179 
62 39 
211 50 
220 38 
211 27 
214 30 
214 30 
214 30 
234 30 
214 41 
910 30 
460 92 
211 33 
214 27 
181 24 
187 41 
220 190 
62 342 
211 24 
211 38 
176 33 
222 24 
202 24 
856 24 
253 27 
214 38 
217 38 
211 24 
202 32 
205 24 
214 30 
205 21 
217 27 
225 30 
707 766 
178 21 
309 24 
585 478 
211 27 
220 38 
208 24 
205 32 
217 24 
217 27 
214 27 
211 27 
618 41 
214 30 
202 24 
178 32 
208 24 
214 27 
184 24 
366 24 
208 30 
214 30 
208 24 
214 27 
214 27 
208 24 
217 41 
208 24 
202 24 
217 30 
217 35 
214 30 
211 35 
202 21 
214 27 
208 35 
205 24 
217 27 
1073 368 
190 24 
184 38 
734 24 
268 35 
196 202 
182 27 
214 27 
255 38 
217 24 
351 30 
217 30 
214 30 
190 30 
208 24 
202 21 
202 21 
469 285 
56 211 
205 24 
208 35 
217 27 
214 41 
214 184 
38 208 
208 24 
190 44 
211 24 
205 24 
190 38 
252 41 
211 41 
692 38 
208 24 
202 35 
205 184 
208 27 
202 24 
208 24 
354 30 
208 24 
167 24 
202 24 
205 21 
214 38 
208 35 
214 38 
514 318 
59 42 
220 38 
214 223 
214 39 
220 27 
297 633 
187 27 
217 47 
214 33 
211 27 
176 33 
217 30 
187 41 
710 35 
228 24 
184 33 
208 30 
220 33 
214 44 
214 24 
419 30 
214 33 
214 187 
56 50 
211 27 
211 27 
217 30 
170 27 
214 41 
211 44 
211 41 
187 30 
202 30 
187 27 
217 24 
371 95 
173 30 
214 41 
199 27 
237 27 
217 30 
282 41 
190 24 
237 27 
589 856 
45 36 
246 24 
187 280 
365 27 
523 30 
250 35 
214 27 
184 30 
1367 24 
879 24 
199 35 
199 33 
190 30 
237 27 
217 38 
544 24 
238 27 
173 89 
187 41 
208 27 
208 193 
193 187 
24 214 
51 33 
208 38 
184 27 
645 27 
187 38 
184 30 
193 41 
234 208 
181 27 
184 27 
181 24 
237 24 
244 27 
285 282 
184 38 
241 24 
187 35 
214 35 
253 594 
211 30 
208 24 
184 38 
173 27 
211 35 
173 27 
208 30 
208 30 
208 27 
1314 24 
208 30 
214 38 
214 27 
879 27 
208 24 
208 24 
184 30 
205 190 
42 39 
208 41 
559 30 
208 27 
217 30 
211 24 
208 41 
211 27 
220 27 
229 27 
211 24 
208 27 
211 24 
1144 24 
211 27 
208 38 
225 27 
214 41 
270 27 
205 27 
211 24 
208 35 
205 35 
205 24 
202 24 
191 24 
205 32 
289 21 
205 32 
202 24 
205 21 
167 21 
205 21 
282 24 
202 24 
205 24 
194 21 
205 24 
339 21 
205 32 
202 24 
202 35 
202 24 
202 21 
205 24 
567 24 
202 24 
191 24 
205 35 
205 24 
181 24 
202 21 
205 32 
205 21 
653 24 
202 21 
205 21 
205 24 
194 21 
205 24 
719 21 
205 24 
194 24 
205 24 
194 21 
205 21 
191 24 
365 24 
202 21 
205 32 
205 24 
205 32 
205 24 
202 21 
205 24 
202 21 
205 24 
205 21 
208 32 
202 21 
205 32 
202 21 
205 32 
416 39 
205 21 
202 21 
202 24 
205 24 
211 24 
205 21 
205 24 
460 24 
205 21 
205 21 
205 24 
202 21 
407 24 
202 21 
205 24 
202 21 
205 24 
202 21 
202 24 
205 21 
205 32 
211 24 
202 21 
214 27 
205 35 
612 21 
484 24 
205 24 
202 24 
202 24 
202 24 
202 32 
202 24 
202 35 
208 21 
205 32 
202 21 
205 21 
202 24 
202 21 
202 24 
463 24 
205 35 
205 24 
202 35 
187 24 
175 32 
205 21 
205 35 
202 21 
202 24 
202 21 
1040 24 
202 21 
202 21 
205 32 
205 21 
205 32 
188 24 
202 35 
202 21 
205 35 
202 21 
835 24 
202 21 
188 24 
202 21 
326 113 
205 21 
191 21 
508 21 
202 21 
205 35 
202 21 
784 21 
202 21 
217 24 
205 21 
194 24 
419 122 
202 21 
208 32 
194 24 
202 35 
191 21 
205 24 
202 21 
178 24 
633 21 
202 21 
205 21 
202 24 
868 24 
205 21 
202 21 
202 21 
205 32 
191 21 
205 24 
523 21 
205 21 
202 24 
1310 21 
205 21 
202 21 
202 21 
176 24 
205 32 
202 21 
205 24 
184 35 
478 24 
202 24 
205 21 
205 24 
205 32 
202 21 
205 32 
208 24 
202 21 
205 24 
898 21 
205 24 
202 24 
208 21 
286 24 
202 32 
202 21 
1203 184 
205 24 
205 21 
205 24 
205 21 
205 24 
191 21 
244 21 
984 811 
205 35 
202 21 
202 32 
202 21 
719 21 
205 24 
191 24 
202 24 
202 24 
205 24 
202 21 
205 35 
202 21 
178 21 
205 24 
205 32 
202 24 
205 35 
202 24 
205 32 
621 24 
202 24 
205 21 
205 24 
205 24 
202 24 
202 35 
280 21 
202 32 
205 24 
202 32 
205 24 
202 21 
205 24 
205 21 
205 21 
205 21 
187 24 
191 21 
556 140 
202 24 
202 21 
202 21 
205 21 
205 24 
194 21 
202 24 
194 21 
202 24 
654 24 
205 21 
194 21 
205 21 
205 24 
202 21 
205 24 
309 21 
205 24 
194 24 
211 35 
202 21 
205 24 
202 21 
205 21 
194 21 
205 21 
202 24 
202 35 
205 24 
318 404 
202 24 
202 21 
202 24 
202 21 
205 21 
202 21 
205 24 
205 24 
451 24 
205 24 
205 35 
202 24 
205 32 
205 24 
416 24 
357 21 
202 21 
205 24 
202 21 
205 24 
202 21 
202 32 
253 1066 
202 32 
202 24 
205 32 
470 21 
205 32 
205 21 
202 24 
205 24 
202 24 
202 35 
202 21 
205 35 
740 24 
205 35 
737 24 
205 35 
205 24 
191 21 
205 24 
202 24 
202 24 
372 21 
205 24 
202 24 
205 24 
767 21 
202 32 
202 21 
356 33 
205 21 
202 21 
205 24 
205 21 
205 21 
235 125 
205 35 
205 24 
205 32 
205 24 
205 35 
205 24 
205 35 
202 24 
790 160 
321 119 
205 24 
205 24 
256 38 
205 21 
202 21 
428 21 
202 24 
211 27 
205 24 
194 21 
202 24 
264 24 
202 21 
205 24 
202 24 
205 24 
202 24 
205 24 
202 35 
202 24 
178 24 
202 24 
202 21 
205 24 
194 21 
205 24 
202 21 
823 24 
787 119 
202 21 
202 21 
202 32 
342 35 
205 21 
476 21 
202 21 
202 24 
924 110 
202 24 
205 24 
202 24 
294 24 
1132 564 
191 21 
205 21 
202 21 
202 32 
202 24 
202 32 
205 24 
713 32 
205 24 
205 24 
202 24 
202 21 
202 21 
856 24 
178 24 
205 24 
205 35 
202 24 
202 21 
205 21 
514 21 
205 24 
202 21 
202 24 
416 514 
205 21 
422 122 
211 32 
205 24 
202 35 
205 24 
205 35 
202 24 
217 21 
395 21 
205 21 
205 21 
205 21 
202 24 
205 24 
205 35 
202 24 
906 24 
205 24 
205 32 
202 24 
202 21 
205 24 
191 21 
178 24 
205 21 
211 24 
202 24 
199 35 
191 21 
205 21 
220 21 
202 24 
202 21 
178 24 
202 24 
202 24 
202 21 
202 21 
202 24 
164 24 
202 35 
205 24 
202 32 
205 21 
205 35 
205 21 
353 24 
202 24 
202 24 
202 21 
202 21 
202 24 
583 24 
205 32 
205 21 
279 21 
205 21 
202 21 
205 21 
182 24 
205 21 
205 21 
202 32 
205 21 
202 24 
292 24 
205 35 
202 21 
541 24 
202 24 
205 35 
202 21 
202 24 
205 21 
191 21 
205 24 
202 24 
285 330 
202 21 
205 32 
202 21 
624 24 
202 24 
202 24 
202 21 
202 21 
202 21 
202 24 
300 21 
164 24 
202 35 
191 21 
205 24 
202 24 
199 35 
716 27 
202 24 
205 21 
205 35 
202 21 
202 24 
208 24 
205 24 
205 21 
410 113 
205 35 
202 21 
205 32 
202 21 
202 35 
672 24 
184 30 
205 24 
205 21 
202 21 
202 21 
205 24 
330 21 
205 32 
202 21 
252 21 
205 24 
205 21 
205 21 
191 24 
514 24 
188 24 
202 24 
202 21 
205 32 
202 24 
205 24 
202 24 
202 35 
205 21 
202 35 
202 21 
202 24 
202 21 
696 24 
205 24 
202 24 
223 24 
202 24 
339 24 
205 21 
374 21 
202 24 
205 35 
202 21 
205 21 
202 21 
202 24 
205 24 
202 21 
205 32 
194 24 
205 24 
199 428 
205 21 
348 258 
202 35 
300 21 
927 35 
202 24 
202 24 
202 21 
1926 35 
764 24 
202 21 
202 24 
202 24 
205 35 
205 21 
202 24 
428 21 
202 24 
202 21 
194 24 
202 24 
182 24 
205 24 
202 24 
202 35 
202 21 
205 21 
202 24 
202 24 
202 21 
202 24 
202 21 
202 21 
202 24 
202 24 
345 562 
202 21 
202 24 
794 24 
208 24 
502 24 
202 24 
205 21 
205 35 
202 21 
431 21 
178 21 
375 24 
205 21 
202 21 
202 24 
208 21 
202 35 
202 21 
202 24 
205 21 
202 21 
202 24 
202 24 
202 21 
202 21 
202 24 
202 24 
199 35 
191 21 
205 21 
202 24 
844 24 
217 21 
523 128 
205 21 
202 24 
202 21 
202 21 
490 21 
202 24 
202 35 
202 21 
205 21 
202 24 
205 35 
202 21 
202 21 
181 24 
202 21 
202 24 
202 24 
205 21 
202 21 
205 32 
205 21 
205 35 
202 21 
202 24 
205 21 
205 21 
871 24 
191 24 
205 24 
202 24 
202 35 
194 24 
205 24 
1156 324 
202 21 
202 21 
205 35 
202 21 
202 24 
205 21 
179 24 
202 21 
601 113 
202 21 
202 21 
202 24 
202 24 
205 35 
202 21 
205 35 
202 24 
202 24 
202 21 
202 21 
912 21 
184 24 
202 24 
191 21 
205 35 
1034 122 
205 35 
190 24 
564 21 
202 21 
549 119 
339 21 
202 21 
205 21 
191 24 
232 21 
205 21 
199 32 
202 21 
205 21 
202 21 
205 35 
202 21 
205 35 
205 21 
202 21 
202 24 
202 21 
205 35 
202 24 
205 24 
202 21 
493 21 
202 24 
205 35 
202 24 
202 21 
606 21 
202 21 
205 24 
202 24 
205 24 
202 24 
202 35 
268 24 
202 35 
202 21 
205 35 
223 122 
366 35 
202 24 
202 24 
202 21 
202 21 
205 35 
202 24 
205 24 
202 21 
202 35 
865 35 
205 21 
202 21 
191 24 
202 21 
202 24 
202 24 
654 21 
205 24 
202 21 
202 32 
202 21 
202 35 
202 21 
309 21 
202 21 
191 21 
202 21 
202 24 
205 21 
205 21 
205 24 
202 21 
205 32 
202 21 
205 35 
202 24 
202 21 
202 21 
211 24 
205 24 
202 21 
205 24 
194 21 
205 35 
205 24 
686 24 
289 21 
517 32 
202 24 
205 35 
202 21 
202 21 
345 21 
202 21 
205 21 
205 24 
205 35 
202 21 
178 24 
170 32 
205 32 
300 21 
205 32 
205 24 
205 21 
205 21 
205 21 
205 24 
286 568 
205 21 
205 21 
205 21 
202 21 
202 32 
734 24 
205 32 
202 24 
205 24 
202 24 
191 24 
205 21 
378 21 
205 35 
205 24 
205 32 
205 24 
205 35 
202 24 
205 32 
202 24 
202 21 
202 24 
191 24 
205 21 
202 21 
205 24 
205 24 
190 21 
205 24 
493 24 
202 21 
232 633 
202 21 
787 24 
202 24 
202 24 
205 24 
194 24 
205 21 
164 21 
431 21 
202 21 
202 32 
205 21 
205 21 
202 21 
202 21 
202 21 
205 21 
205 24 
194 21 
205 21 
202 21 
205 35 
187 27 
178 21 
202 21 
202 35 
339 24 
205 32 
205 24 
191 24 
805 24 
202 24 
202 35 
205 24 
205 32 
205 21 
205 32 
467 21 
175 21 
202 24 
202 21 
205 24 
205 24 
202 24 
802 35 
205 21 
202 21 
205 32 
292 21 
205 32 
202 24 
202 21 
164 32 
194 21 
202 24 
205 21 
205 24 
194 21 
205 21 
847 24 
205 32 
205 24 
202 24 
202 21 
202 32 
205 24 
520 21 
202 24 
202 21 
202 21 
205 24 
205 35 
202 21 
205 32 
205 24 
202 35 
202 24 
205 35 
202 21 
202 21 
205 21 
202 21 
178 21 
194 24 
205 21 
205 24 
202 35 
205 24 
888 24 
202 21 
205 35 
202 24 
202 21 
202 24 
191 24 
544 21 
205 21 
205 35 
205 24 
205 35 
205 21 
205 32 
226 24 
202 21 
205 21 
1179 134 
205 24 
175 32 
202 24 
208 24 
202 32 
202 24 
205 35 
205 24 
205 35 
202 24 
202 21 
202 24 
191 24 
202 24 
202 21 
205 24 
194 21 
205 21 
583 21 
205 35 
202 21 
205 35 
202 24 
202 21 
205 24 
235 24 
282 24 
205 24 
205 24 
205 24 
202 24 
202 24 
205 35 
202 21 
202 32 
187 336 
202 21 
202 21 
205 32 
205 24 
202 21 
205 24 
202 24 
205 35 
175 32 
205 32 
202 24 
639 21 
202 24 
202 21 
205 24 
205 32 
205 24 
202 21 
178 24 
194 21 
205 21 
205 24 
205 32 
205 24 
668 24 
202 21 
202 32 
205 24 
205 21 
205 24 
194 21 
205 21 
202 21 
805 24 
205 24 
205 21 
202 21 
202 32 
205 24 
205 21 
663 21 
202 21 
205 21 
205 24 
178 21 
202 24 
205 24 
336 24 
205 21 
164 21 
428 21 
205 24 
208 24 
187 35 
1830 21 
202 24 
205 21 
205 21 
202 24 
202 32 
202 21 
205 32 
205 21 
202 32 
202 24 
205 32 
205 24 
202 21 
202 21 
702 21 
205 24 
205 24 
202 35 
202 21 
279 21 
205 24 
365 24 
187 30 
205 35 
202 24 
202 21 
202 21 
205 24 
202 24 
202 21 
205 24 
202 21 
202 32 
205 24 
214 98 
205 24 
205 32 
205 24 
202 21 
202 24 
191 21 
205 21 
202 21 
205 32 
202 24 
205 32 
205 24 
205 35 
202 24 
205 32 
413 24 
202 21 
202 21 
202 21 
692 948 
202 21 
202 24 
202 21 
202 32 
205 24 
202 24 
202 21 
202 32 
202 21 
205 21 
178 21 
194 24 
205 21 
205 24 
812 21 
205 24 
205 35 
170 24 
205 32 
202 21 
202 21 
205 24 
205 24 
663 24 
443 24 
202 21 
205 35 
205 21 
205 24 
205 21 
211 24 
202 32 
202 24 
202 21 
205 21 
181 32 
205 24 
191 24 
178 24 
202 21 
205 24 
202 21 
205 32 
205 24 
202 35 
202 24 
838 21 
205 24 
205 21 
205 24 
202 21 
205 21 
205 21 
487 24 
205 24 
202 35 
205 21 
205 32 
205 21 
193 32 
211 21 
205 24 
205 24 
194 21 
205 21 
202 21 
205 24 
205 24 
205 35 
202 24 
205 32 
202 21 
202 21 
205 24 
202 32 
874 21 
194 21 
205 21 
202 21 
202 32 
202 21 
205 35 
541 24 
220 24 
202 24 
202 21 
205 21 
205 32 
458 122 
179 21 
205 24 
194 21 
205 21 
202 21 
205 35 
202 24 
202 21 
202 21 
202 32 
202 21 
205 24 
205 24 
194 24 
205 21 
901 21 
178 24 
202 21 
205 35 
202 24 
205 35 
202 24 
582 24 
205 24 
202 21 
205 24 
194 24 
190 38 
205 24 
547 21 
202 21 
202 35 
191 21 
205 21 
202 24 
214 24 
205 24 
202 21 
306 131 
202 21 
202 24 
202 21 
202 21 
194 24 
202 24 
202 24 
205 35 
202 21 
202 24 
202 24 
975 24 
624 21 
202 21 
205 21 
202 21 
205 35 
202 21 
205 35 
280 24 
202 35 
205 21 
202 24 
517 21 
202 21 
336 380 
191 21 
205 32 
202 21 
205 35 
202 24 
205 35 
202 21 
205 32 
202 21 
205 35 
202 21 
202 21 
229 24 
544 110 
202 35 
636 21 
205 24 
202 21 
205 32 
202 21 
205 21 
202 24 
1046 119 
205 21 
191 24 
202 21 
202 24 
202 24 
202 21 
205 32 
205 24 
202 35 
202 21 
448 21 
202 24 
826 21 
205 21 
205 21 
205 24 
194 24 
205 24 
202 21 
202 35 
202 21 
808 35 
167 24 
205 35 
202 21 
202 24 
585 24 
202 21 
345 21 
202 21 
205 21 
205 24 
205 21 
202 21 
202 32 
1165 1144 
181 24 
176 185 
26 190 
49 387 
208 26 
211 32 
179 26 
202 237 
220 101 
176 26 
208 26 
211 29 
208 35 
211 26 
774 179 
62 187 
178 21 
202 24 
205 24 
205 21 
205 21 
390 24 
205 35 
202 24 
202 32 
208 21 
205 32 
202 21 
202 32 
205 24 
205 24 
205 24 
205 21 
205 21 
205 21 
205 35 
644 187 
205 32 
202 21 
205 21 
202 21 
205 32 
205 24 
494 1361 
178 24 
191 21 
202 24 
202 24 
202 24 
205 24 
434 21 
205 24 
205 35 
205 24 
205 21 
202 24 
202 32 
202 24 
202 24 
238 122 
202 24 
202 24 
202 21 
205 35 
205 24 
202 32 
446 32 
205 32 
205 24 
211 24 
205 24 
205 24 
823 24 
191 21 
205 24 
205 21 
247 193 
21 214 
32 205 
24 321 
21 205 
21 205 
32 205 
24 211 
35 205 
24 205 
21 205 
21 202 
24 208 
24 194 
21 205 
24 205 
21 205 
32 205 
21 205 
32 205 
24 211 
35 1302 
21 205 
21 205 
21 211 
24 704 
32 205 
21 205 
24 205 
24 208 
35 205 
21 181 
35 363 
24 766 
21 205 
21 297 
21 205 
24 208 
35 205 
35 205 
21 205 
32 205 
24 208 
35 205 
24 208 
35 205 
24 208 
24 208 
21 191 
21 205 
21 202 
21 205 
35 205 
21 205 
35 737 
21 202 
35 205 
24 211 
35 205 
24 202 
35 205 
21 416 
35 205 
21 191 
24 187 
24 205 
21 309 
24 205 
21 205 
35 205 
21 202 
32 220 
24 205 
24 181 
21 208 
35 395 
24 205 
24 205 
24 194 
21 205 
24 208 
24 208 
35 205 
21 793 
32 208 
21 202 
32 202 
35 214 
21 202 
24 220 
24 455 
24 205 
21 205 
32 880 
21 205 
35 205 
21 205 
35 205 
21 202 
32 202 
24 205 
21 205 
24 205 
24 205 
24 194 
21 261 
35 205 
24 205 
21 205 
21 208 
35 205 
21 202 
32 832 
24 194 
24 205 
24 205 
21 205 
24 205 
21 205 
35 482 
21 178 
24 205 
21 205 
21 205 
24 205 
24 205 
24 202 
24 205 
24 205 
21 205 
35 208 
21 270 
21 205 
21 205 
35 205 
21 205 
32 202 
21 202 
24 318 
24 205 
24 550 
24 885 
21 205 
21 194 
21 205 
21 205 
21 205 
35 205 
21 523 
35 205 
24 202 
24 205 
24 202 
32 175 
24 205 
21 187 
35 205 
21 205 
35 208 
21 261 
32 164 
21 202 
35 205 
24 208 
35 205 
21 205 
24 205 
24 205 
21 205 
24 208 
27 176 
30 190 
24 439 
24 190 
32 211 
27 217 
30 187 
35 443 
27 217 
24 184 
24 237 
38 211 
27 217 
38 609 
21 208 
24 214 
217 33 
205 35 
208 30 
222 27 
202 44 
217 30 
175 24 
208 33 
205 27 
170 24 
211 30 
660 425 
211 27 
191 24 
202 24 
267 285 
205 24 
181 27 
303 27 
202 24 
675 27 
205 35 
321 38 
211 24 
202 21 
202 21 
205 35 
419 21 
191 24 
202 24 
205 24 
202 24 
758 116 
202 21 
202 21 
202 32 
164 35 
205 35 
202 21 
202 24 
202 24 
191 24 
205 21 
202 24 
205 21 
199 21 
202 35 
202 21 
205 35 
803 24 
202 35 
202 24 
309 24 
202 24 
191 24 
205 21 
662 565 
202 21 
202 21 
205 24 
238 113 
202 24 
205 21 
205 35 
1138 21 
202 35 
205 59 
191 21 
202 21 
202 21 
205 24 
191 24 
449 642 
223 193 
35 208 
21 205 
24 205 
21 205 
35 681 
24 202 
32 205 
21 707 
24 205 
24 191 
24 205 
24 330 
21 205 
35 205 
21 205 
21 202 
24 184 
32 202 
21 496 
32 202 
21 205 
24 205 
24 208 
24 205 
24 191 
21 205 
21 202 
21 832 
21 202 
21 252 
21 205 
21 202 
32 205 
24 725 
24 639 
21 202 
21 202 
21 205 
21 205 
24 205 
24 389 
24 205 
21 208 
35 205 
24 208 
24 205 
24 205 
24 208 
24 205 
21 202 
21 202 
21 205 
35 205 
21 205 
21 202 
21 205 
32 202 
24 181 
21 205 
24 208 
24 208 
24 205 
21 764 
24 208 
35 205 
35 205 
21 205 
21 202 
21 205 
35 416 
24 208 
24 835 
21 205 
24 205 
24 205 
24 1405 
24 205 
21 205 
35 205 
21 205 
21 202 
21 205 
35 205 
21 202 
35 208 
21 202 
24 173 
24 191 
21 205 
21 205 
21 205 
24 803 
24 205 
24 205 
21 205 
35 205 
21 202 
35 208 
24 484 
32 205 
21 205 
21 208 
24 205 
21 202 
21 205 
21 205 
35 752 
24 208 
35 205 
24 202 
32 205 
21 202 
21 205 
21 205 
24 208 
24 167 
24 205 
21 205 
21 205 
32 202 
21 838 
35 208 
21 205 
21 202 
24 205 
21 205 
24 240 
35 514 
24 208 
35 205 
24 205 
21 205 
21 202 
21 318 
24 214 
21 202 
32 205 
21 191 
24 205 
24 202 
32 205 
24 205 
21 205 
21 202 
21 205 
35 205 
21 205 
35 205 
21 202 
35 205 
24 208 
24 205 
24 191 
24 205 
21 205 
21 1328 
24 550 
21 205 
21 202 
21 205 
32 202 
24 208 
24 205 
24 220 
24 205 
21 205 
21 205 
24 205 
24 208 
35 205 
21 205 
21 202 
30 196 
21 205 
21 193 
24 205 
21 205 
24 267 
24 205 
21 238 
21 205 
24 205 
21 202 
24 208 
32 205 
24 597 
35 205 
24 202 
32 205 
24 205 
21 205 
24 205 
24 181 
24 205 
21 205 
21 205 
24 279 
32 205 
24 208 
24 205 
24 208 
35 241 
21 205 
21 208 
24 194 
21 205 
24 205 
24 205 
21 205 
21 205 
21 202 
24 208 
35 202 
24 205 
24 609 
21 202 
32 205 
21 205 
21 205 
24 182 
21 205 
24 277 
21 205 
35 208 
24 208 
35 208 
21 202 
32 208 
24 208 
21 205 
21 205 
21 205 
24 202 
35 205 
24 205 
21 205 
21 202 
24 187 
32 205 
24 205 
21 205 
21 205 
24 324 
21 648 
21 205 
24 719 
24 559 
24 205 
24 205 
32 205 
24 336 
21 202 
24 208 
35 205 
24 205 
21 419 
24 208 
32 205 
24 205 
24 208 
35 208 
24 208 
24 202 
24 208 
35 205 
24 202 
32 205 
24 205 
24 205 
21 205 
21 205 
24 208 
21 713 
24 191 
24 208 
21 202 
21 205 
32 205 
24 205 
21 354 
21 202 
21 205 
24 208 
35 205 
24 573 
21 178 
32 205 
35 208 
35 205 
24 226 
24 208 
21 202 
32 205 
24 567 
24 205 
21 191 
21 205 
21 205 
24 205 
21 205 
21 208 
24 749 
21 178 
32 167 
24 205 
24 205 
21 205 
21 208 
24 413 
32 205 
21 205 
24 187 
21 205 
21 205 
32 205 
21 205 
21 202 
24 208 
21 208 
24 202 
32 205 
24 205 
21 178 
24 205 
21 205 
21 202 
21 205 
35 205 
24 208 
35 202 
24 187 
32 205 
24 202 
32 205 
24 205 
21 205 
24 202 
35 636 
21 232 
24 205 
35 205 
24 202 
32 205 
24 205 
21 205 
38 187 
21 211 
21 392 
24 208 
24 205 
24 199 
24 205 
21 208 
24 205 
21 205 
21 205 
24 208 
35 208 
24 208 
21 817 
21 191 
21 205 
21 205 
24 205 
21 205 
21 205 
21 482 
21 208 
35 205 
21 208 
24 205 
21 205 
21 208 
21 205 
24 205 
24 208 
35 205 
35 208 
21 205 
21 202 
24 508 
35 202 
24 205 
21 464 
21 205 
21 205 
24 208 
24 544 
24 876 
21 205 
24 205 
24 208 
35 202 
24 205 
35 205 
21 535 
32 675 
24 208 
24 205 
21 205 
21 205 
21 205 
24 193 
32 205 
24 205 
32 205 
24 205 
21 205 
21 202 
32 1100 
21 202 
32 205 
24 205 
24 208 
24 202 
35 205 
35 511 
21 906 
21 205 
21 202 
32 205 
24 1043 
24 205 
21 205 
21 550 
24 205 
21 205 
21 191 
21 205 
24 205 
21 205 
32 214 
27 222 
32 205 
24 208 
35 407 
24 205 
32 205 
24 205 
24 208 
24 202 
21 178 
24 208 
21 205 
32 205 
24 205 
24 205 
24 208 
35 205 
24 208 
21 205 
24 250 
24 205 
21 546 
24 205 
35 205 
21 205 
24 205 
21 205 
35 205 
21 267 
35 205 
24 208 
21 208 
24 279 
24 205 
21 202 
21 205 
24 202 
21 205 
35 205 
24 202 
32 205 
21 208 
32 205 
24 208 
32 205 
24 205 
21 205 
24 202 
35 205 
24 205 
21 651 
24 205 
21 205 
32 205 
21 202 
32 205 
24 205 
21 294 
24 300 
24 211 
24 205 
24 208 
24 202 
24 205 
32 205 
21 205 
32 205 
24 208 
35 202 
24 211 
24 205 
21 188 
24 208 
24 202 
35 205 
35 205 
21 208 
24 205 
24 208 
35 675 
21 208 
35 208 
21 205 
21 208 
21 205 
21 202 
27 270 
24 214 
35 173 
21 276 
32 205 
24 205 
21 205 
21 202 
32 202 
21 205 
24 205 
24 205 
24 615 
24 205 
21 205 
21 205 
24 205 
35 205 
21 205 
35 205 
24 202 
32 556 
21 737 
24 205 
24 202 
32 205 
24 205 
21 205 
24 205 
21 380 
24 173 
24 202 
32 202 
24 205 
24 205 
24 205 
24 208 
24 205 
21 208 
21 1097 
24 205 
21 309 
21 205 
35 167 
21 205 
21 202 
21 205 
35 202 
24 208 
24 208 
21 202 
21 544 
24 205 
21 205 
24 194 
21 205 
35 205 
21 217 
35 428 
21 205 
35 208 
24 208 
24 205 
24 208 
24 205 
24 191 
21 345 
21 194 
21 205 
35 205 
21 205 
35 208 
21 383 
35 205 
24 205 
21 868 
21 208 
35 205 
21 202 
21 205 
21 797 
24 205 
24 205 
21 205 
35 205 
21 202 
35 208 
24 901 
21 208 
21 202 
32 205 
21 191 
24 205 
24 208 
24 208 
35 208 
21 205 
35 205 
24 205 
21 1218 
24 205 
21 205 
24 208 
35 205 
21 191 
24 205 
24 205 
21 205 
35 205 
24 862 
35 205 
21 205 
32 226 
24 202 
35 205 
24 208 
24 496 
24 208 
35 205 
24 205 
21 205 
24 205 
21 208 
35 205 
21 205 
24 205 
24 205 
35 205 
24 318 
24 205 
24 205 
21 202 
24 208 
21 205 
35 205 
21 202 
32 202 
24 208 
24 874 
24 205 
24 208 
24 205 
21 208 
21 205 
21 202 
21 547 
21 220 
32 202 
21 205 
21 202 
21 205 
35 205 
21 677 
21 205 
21 178 
21 205 
24 693 
24 208 
24 205 
21 205 
35 211 
24 202 
35 208 
21 202 
32 205 
21 202 
21 205 
24 202 
35 205 
21 202 
21 205 
21 202 
21 202 
30 386 
24 597 
32 205 
21 208 
35 205 
21 202 
32 205 
24 205 
21 235 
21 202 
21 205 
24 208 
24 205 
35 205 
24 202 
35 205 
21 208 
35 205 
21 205 
21 205 
21 205 
24 208 
24 205 
21 205 
24 194 
21 184 
32 205 
21 202 
35 856 
24 208 
35 624 
21 202 
32 202 
24 205 
21 202 
21 202 
21 205 
35 271 
21 205 
35 205 
24 205 
35 205 
21 205 
35 205 
24 202 
35 205 
21 532 
21 205 
21 205 
21 205 
21 208 
21 202 
35 205 
21 205 
35 208 
21 202 
35 208 
24 205 
21 202 
24 651 
21 205 
21 205 
21 205 
24 259 
21 835 
21 205 
21 318 
35 205 
21 627 
32 205 
24 208 
24 205 
21 205 
24 205 
21 205 
35 205 
35 205 
24 223 
21 202 
21 205 
32 202 
24 208 
35 208 
24 208 
24 208 
24 202 
32 205 
35 214 
21 698 
24 256 
21 205 
24 205 
21 205 
35 208 
24 208 
24 351 
24 205 
24 181 
21 202 
21 205 
24 191 
21 205 
21 419 
21 205 
35 205 
21 523 
35 205 
21 202 
35 318 
24 205 
24 208 
24 205 
21 205 
24 194 
24 205 
24 194 
24 205 
21 743 
24 205 
32 178 
21 208 
35 250 
21 181 
21 205 
24 393 
35 205 
24 205 
21 202 
21 202 
21 205 
35 202 
21 205 
21 202 
21 205 
35 205 
24 208 
24 205 
24 211 
24 205 
24 205 
21 205 
24 336 
21 205 
21 678 
24 205 
35 208 
24 746 
32 202 
21 202 
35 205 
21 191 
24 205 
24 205 
21 455 
24 208 
24 205 
24 205 
21 205 
32 202 
24 205 
24 205 
24 205 
21 208 
24 205 
21 208 
21 170 
24 205 
24 743 
21 205 
35 205 
21 202 
32 202 
24 208 
27 225 
205 21 
205 24 
202 24 
205 24 
205 24 
194 21 
181 21 
205 24 
633 21 
205 21 
205 21 
202 24 
202 32 
312 21 
205 21 
297 24 
205 24 
202 24 
202 21 
205 35 
202 24 
208 32 
205 21 
205 32 
202 24 
202 21 
202 24 
191 21 
205 24 
205 21 
205 21 
191 21 
241 719 
202 24 
205 32 
202 21 
202 32 
669 21 
279 24 
202 24 
205 21 
205 24 
202 24 
205 24 
330 24 
202 24 
205 24 
205 21 
205 24 
202 32 
205 24 
181 32 
205 21 
191 21 
205 21 
205 24 
202 21 
205 21 
211 35 
205 559 
0 0 
0 0 
0 0 
0 0 
0 0 
273 30 
615 24 
229 30 
193 211 
35 232 
35 193 
42 72 
214 30 
187 44 
214 38 
179 27 
184 24 
553 98 
526 27 
173 24 
728 27 
199 35 
255 309 
60 187 
56 190 
669 812 
240 38 
190 38 
1040 30 
176 247 
48 226 
59 39 
179 193 
59 30 
190 187 
228 193 
45 33 
182 27 
211 30 
211 27 
170 27 
196 30 
202 33 
228 30 
217 205 
190 24 
167 30 
187 41 
208 21 
178 35 
184 27 
347 27 
802 27 
205 24 
829 101 
228 33 
270 56 
173 24 
214 279 
24 190 
51 176 
181 27 
597 24 
256 35 
167 24 
173 30 
178 35 
270 30 
232 30 
184 30 
240 30 
187 27 
229 24 
193 27 
184 41 
1263 24 
722 41 
214 38 
173 27 
187 24 
187 27 
698 27 
214 24 
228 21 
179 24 
258 27 
214 27 
190 44 
193 38 
217 38 
184 27 
392 942 
179 24 
731 33 
190 41 
179 30 
211 35 
214 24 
217 24 
179 27 
214 27 
179 24 
196 41 
684 24 
187 27 
250 27 
185 27 
196 36 
330 27 
211 24 
187 38 
193 24 
220 395 
176 187 
50 217 
187 24 
196 41 
181 184 
35 187 
51 47 
553 1061 
502 33 
241 30 
184 35 
187 187 
27 184 
27 740 
32 618 
24 187 
463 41 
211 27 
220 24 
179 30 
187 41 
193 27 
184 41 
847 30 
199 30 
193 30 
820 184 
214 24 
244 38 
211 30 
190 27 
217 33 
187 38 
187 41 
196 27 
211 30 
187 27 
214 30 
1195 24 
217 30 
226 30 
190 30 
190 30 
196 24 
262 30 
214 30 
211 24 
327 38 
187 41 
217 24 
211 38 
425 38 
187 41 
211 30 
193 24 
193 33 
187 30 
211 30 
181 38 
621 38 
214 24 
187 30 
190 33 
184 41 
217 38 
234 27 
211 27 
190 35 
190 44 
699 24 
193 30 
223 35 
187 27 
214 24 
502 38 
187 27 
193 182 
208 41 
214 24 
196 30 
214 30 
220 41 
205 30 
184 41 
271 27 
208 35 
176 24 
220 27 
223 35 
217 44 
196 24 
826 35 
187 33 
475 30 
220 41 
179 30 
220 35 
193 30 
187 27 
687 583 
330 60 
181 24 
190 38 
211 33 
707 35 
205 35 
226 27 
187 24 
211 41 
193 38 
188 27 
657 805 
187 190 
68 253 
217 38 
211 36 
220 38 
214 27 
270 184 
56 185 
253 24 
380 38 
214 38 
190 27 
208 24 
241 32 
193 24 
190 30 
187 27 
211 27 
193 35 
749 50 
0 0 
0 0 
0 0 
0 0 
0 0 
0 0 
0 0 
0 0 
0 0 
0 0 
0 0 
0 0 
0 0 
0 0 
0 0 
0 0 
0 0 
0 0 
0 0 
0 0 
0 0 
0 0 
0 0 
0 0 
0 0 
0 0 
0 0 
0 0 
0 0 
0 0 
0 0 
0 0 
0 0 
0 0 
0 0 
0 0 
0 0 
0 0 
725 196 
0 0 
0 0 
0 0 
0 0 
0 0 
0 0 
0 0 
0 0 
0 0 
0 0 
0 0 
0 0 
0 0 
0 0 
0 0 
0 0 
0 0 
0 0 
0 0 
0 0 
0 0 
0 0 
27 205 
30 185 
176 30 
208 30 
894 27 
226 24 
208 33 
190 30 
612 24 
202 24 
184 24 
208 27 
196 30 
190 234 
30 214 
24 184 
59 47 
0 0 
731 35 
220 30 
181 27 
520 853 
0 0 
53 223 
0 0 
630 39 
0 0 
0 0 
0 0 
0 0 
0 0 
0 0 
0 0 
0 0 
0 0 
0 0 
0 0 
0 0 
0 0 
0 0 
0 0 
0 0 
0 0 
0 0 
0 0 
0 0 
0 0 
0 0 
0 0 
0 0 
0 0 
0 0 
0 0 
0 0 
0 0 
0 0 
0 0 
0 0 
0 0 
208 35 
214 27 
538 27 
179 30 
214 27 
208 38 
214 27 
214 30 
205 27 
190 27 
208 24 
205 24 
173 30 
232 27 
205 38 
359 104 
208 41 
173 36 
205 35 
167 72 
187 30 
220 24 
211 38 
211 41 
217 24 
808 38 
184 38 
170 24 
214 44 
173 27 
374 30 
407 27 
211 27 
190 38 
217 24 
187 30 
225 33 
217 41 
181 24 
181 24 
660 30 
184 27 
170 181 
42 36 
223 205 
27 612 
38 226 
59 24 
253 27 
208 24 
731 2175 
199 33 
184 41 
214 27 
208 179 
71 211 
190 41 
196 27 
285 38 
707 30 
511 30 
167 27 
205 27 
170 30 
231 24 
208 24 
173 27 
223 27 
211 41 
196 32 
208 38 
