# unix_time, cycles_done, cur_path, paths_total, pending_total, pending_favs, map_size, unique_crashes, unique_hangs, max_depth, execs_per_sec
1537549593, 0, 0, 7, 7, 6, 0.61%, 0, 0, 1, 2333.33
1537549598, 0, 0, 73, 73, 6, 0.67%, 13, 0, 2, 3522.26
1537549603, 0, 1, 108, 107, 17, 0.75%, 17, 0, 2, 3860.69
1537549608, 0, 1, 141, 140, 17, 0.78%, 22, 0, 2, 3685.68
1537549614, 0, 1, 165, 164, 17, 0.78%, 25, 0, 2, 3943.61
1537549619, 0, 2, 178, 176, 33, 0.83%, 26, 0, 2, 3864.11
1537549624, 0, 6, 187, 183, 36, 0.84%, 28, 0, 2, 3297.37
1537549629, 0, 6, 217, 213, 36, 0.84%, 28, 0, 2, 3211.87
1537549634, 0, 6, 266, 262, 36, 0.84%, 28, 0, 2, 3019.52
1537549639, 0, 6, 269, 265, 36, 0.84%, 28, 0, 2, 3013.06
1537549649, 0, 49, 273, 265, 34, 0.84%, 29, 0, 3, 3337.09
1537549654, 0, 50, 277, 268, 33, 0.84%, 29, 0, 3, 4040.80
1537549659, 0, 59, 280, 269, 31, 0.85%, 30, 0, 3, 4219.61
1537549664, 0, 59, 288, 277, 31, 0.85%, 40, 0, 3, 4176.35
1537549670, 0, 69, 288, 275, 30, 0.85%, 41, 0, 3, 4170.30
1537549675, 0, 97, 288, 273, 28, 0.85%, 42, 0, 3, 3942.65
1537549680, 0, 97, 295, 280, 28, 0.85%, 43, 0, 3, 3941.10
1537549685, 0, 103, 304, 288, 28, 0.85%, 43, 0, 3, 3919.25
1537549690, 0, 105, 305, 288, 30, 0.85%, 43, 0, 3, 3877.68
1537549695, 0, 113, 305, 287, 29, 0.85%, 43, 0, 3, 4062.57
1537549700, 0, 120, 306, 287, 28, 0.85%, 43, 0, 3, 3913.50
1537549705, 0, 123, 310, 290, 26, 0.85%, 43, 0, 3, 3945.48
1537549710, 0, 135, 312, 290, 27, 0.85%, 43, 0, 3, 3964.21
1537549715, 0, 137, 316, 293, 28, 0.85%, 45, 0, 3, 3995.40
1537549720, 0, 157, 322, 297, 28, 0.85%, 45, 0, 3, 3948.08
1537549725, 0, 157, 329, 304, 28, 0.85%, 45, 0, 3, 4089.49
1537549730, 0, 158, 330, 304, 28, 0.85%, 46, 0, 3, 4078.36
1537549735, 0, 159, 333, 306, 27, 0.85%, 46, 0, 3, 4044.59
1537549740, 0, 167, 339, 310, 26, 0.85%, 46, 0, 3, 3787.22
1537549745, 0, 172, 340, 310, 25, 0.85%, 46, 0, 3, 3998.96
1537549751, 0, 177, 343, 312, 24, 0.85%, 46, 0, 3, 3764.68
1537549756, 0, 181, 345, 313, 23, 0.85%, 46, 0, 3, 3968.28
1537549761, 0, 183, 349, 316, 23, 0.85%, 46, 0, 3, 3845.17
1537549766, 0, 216, 349, 314, 21, 0.85%, 46, 0, 3, 3137.21
1537549791, 0, 221, 349, 313, 20, 0.85%, 46, 0, 3, 2684.81
1537549801, 0, 269, 359, 322, 20, 0.85%, 46, 0, 3, 2318.33
1537549826, 0, 277, 361, 322, 20, 0.85%, 47, 0, 4, 2924.79
1537549831, 0, 284, 363, 322, 19, 0.85%, 48, 0, 4, 3714.82
1537549836, 0, 292, 367, 325, 18, 0.85%, 48, 0, 4, 3858.45
1537549841, 0, 302, 370, 327, 17, 0.85%, 48, 0, 4, 3842.26
1537549847, 0, 303, 373, 329, 16, 0.85%, 48, 0, 4, 3536.12
1537549852, 0, 313, 374, 329, 15, 0.85%, 48, 0, 4, 3718.60
1537549857, 0, 314, 380, 334, 14, 0.85%, 50, 0, 4, 3611.86
1537549862, 0, 314, 382, 336, 14, 0.85%, 52, 0, 4, 3509.97
1537549867, 0, 316, 382, 334, 16, 0.85%, 52, 0, 4, 3423.32
1537549872, 0, 323, 382, 333, 16, 0.85%, 52, 0, 4, 3848.62
1537549877, 0, 327, 383, 333, 15, 0.85%, 54, 0, 4, 3695.40
1537549882, 0, 333, 388, 337, 14, 0.85%, 63, 0, 4, 3787.40
1537549887, 0, 335, 392, 340, 14, 0.85%, 65, 0, 4, 3818.76
1537549892, 0, 336, 392, 339, 14, 0.85%, 65, 0, 4, 4004.30
1537549897, 0, 344, 393, 339, 13, 0.85%, 65, 0, 4, 3766.63
1537549902, 0, 350, 394, 339, 12, 0.85%, 65, 0, 4, 2897.02
1537549928, 0, 350, 396, 341, 12, 0.85%, 65, 0, 4, 1658.15
1537549933, 0, 352, 397, 341, 12, 0.85%, 65, 0, 4, 2181.12
1537549964, 0, 361, 401, 344, 12, 0.85%, 65, 0, 5, 3433.02
1537549969, 0, 361, 405, 348, 12, 0.85%, 65, 0, 5, 3428.19
1537549974, 0, 369, 406, 348, 12, 0.85%, 65, 0, 5, 3738.99
1537549979, 0, 375, 409, 350, 12, 0.85%, 66, 0, 5, 4059.75
1537549984, 0, 379, 413, 353, 11, 0.85%, 66, 0, 5, 3785.29
1537549989, 0, 389, 414, 353, 12, 0.85%, 67, 0, 5, 3498.35
1537549994, 0, 391, 415, 353, 11, 0.85%, 67, 0, 5, 3781.24
1537549999, 0, 394, 417, 354, 10, 0.85%, 67, 0, 5, 3101.10
1537550004, 0, 394, 419, 356, 10, 0.85%, 67, 0, 5, 3175.65
1537550024, 0, 394, 420, 357, 10, 0.85%, 67, 0, 5, 2142.74
1537550029, 0, 398, 426, 362, 10, 0.85%, 67, 0, 6, 3633.34
1537550034, 0, 406, 426, 360, 9, 0.85%, 67, 0, 6, 3768.40
1537550039, 0, 410, 429, 362, 9, 0.85%, 70, 0, 6, 3942.71
1537550044, 0, 411, 434, 366, 8, 0.85%, 72, 0, 6, 3870.17
1537550050, 0, 411, 438, 370, 8, 0.85%, 73, 0, 6, 3998.00
1537550055, 0, 416, 439, 370, 10, 0.85%, 75, 0, 6, 3081.31
1537550085, 0, 422, 441, 371, 10, 0.85%, 75, 0, 7, 3479.96
1537550090, 0, 426, 442, 371, 9, 0.85%, 75, 0, 7, 3266.87
1537550095, 0, 428, 442, 370, 7, 0.85%, 75, 0, 7, 3809.59
1537550100, 0, 429, 444, 371, 7, 0.85%, 75, 0, 7, 4048.61
1537550105, 0, 430, 447, 373, 6, 0.85%, 75, 0, 7, 4101.29
1537550111, 0, 438, 447, 372, 5, 0.85%, 76, 0, 7, 3961.22
1537550116, 0, 439, 453, 377, 4, 0.85%, 76, 0, 7, 3416.51
1537550141, 0, 451, 455, 378, 4, 0.85%, 76, 0, 7, 1938.79
1537550167, 1, 4, 455, 377, 3, 0.85%, 76, 0, 7, 2815.10
1537550172, 1, 76, 455, 374, 2, 0.85%, 76, 0, 7, 3866.38
1537550177, 1, 86, 455, 373, 1, 0.85%, 77, 0, 7, 3945.78
1537550182, 1, 247, 455, 371, 1, 0.85%, 77, 0, 7, 3622.77
1537550197, 1, 288, 455, 369, 0, 0.85%, 78, 0, 7, 3875.65
1537550202, 1, 290, 456, 369, 0, 0.85%, 78, 0, 7, 3903.99
1537550207, 1, 290, 460, 373, 0, 0.85%, 78, 0, 7, 3992.55
1537550212, 1, 437, 462, 374, 1, 0.85%, 78, 0, 7, 4080.52
1537550217, 1, 456, 464, 375, 1, 0.85%, 78, 0, 7, 4028.84
1537550227, 1, 456, 469, 380, 1, 0.86%, 78, 0, 7, 3832.59
1537550232, 1, 459, 476, 386, 2, 0.86%, 79, 0, 7, 3948.40
1537550248, 1, 459, 482, 392, 2, 0.86%, 79, 0, 7, 3597.40
1537550253, 1, 464, 487, 396, 3, 0.86%, 79, 0, 7, 3857.48
1537550263, 1, 464, 489, 398, 3, 0.86%, 79, 0, 7, 3804.23
1537550268, 1, 466, 493, 401, 2, 0.86%, 79, 0, 7, 3740.09
1537550283, 1, 466, 496, 404, 2, 0.86%, 79, 0, 7, 3632.88
1537550288, 1, 480, 501, 408, 2, 0.86%, 79, 0, 7, 3609.25
1537550293, 1, 480, 502, 409, 2, 0.86%, 79, 0, 7, 3821.49
1537550298, 1, 480, 506, 413, 2, 0.87%, 79, 0, 7, 3842.61
1537550303, 1, 489, 507, 413, 2, 0.87%, 79, 0, 7, 3879.97
1537550314, 1, 489, 512, 418, 2, 0.87%, 80, 0, 7, 3663.17
1537550319, 1, 492, 515, 420, 2, 0.87%, 80, 0, 7, 3726.74
1537550329, 1, 492, 517, 422, 2, 0.87%, 81, 0, 7, 3684.70
1537550334, 1, 505, 518, 422, 2, 0.87%, 83, 0, 7, 3955.80
1537550339, 1, 505, 522, 426, 2, 0.87%, 83, 0, 7, 3800.24
1537550344, 1, 505, 526, 430, 2, 0.87%, 83, 0, 7, 4106.33
1537550349, 1, 506, 526, 429, 2, 0.87%, 85, 0, 7, 3878.22
1537550354, 1, 506, 528, 431, 2, 0.87%, 85, 0, 7, 3559.34
1537550359, 1, 524, 528, 430, 1, 0.87%, 86, 0, 7, 3878.46
1537550364, 1, 524, 528, 430, 1, 0.87%, 87, 0, 7, 3710.25
1537550370, 1, 525, 529, 430, 0, 0.87%, 87, 0, 8, 3733.31
1537550380, 1, 526, 531, 431, 0, 0.87%, 87, 0, 8, 3440.91
1537550385, 1, 526, 534, 434, 0, 0.87%, 87, 0, 8, 3235.60
1537550405, 1, 526, 535, 435, 0, 0.87%, 87, 0, 8, 2483.86
1537550410, 1, 528, 536, 435, 0, 0.87%, 88, 0, 8, 3287.85
1537550425, 1, 528, 537, 436, 0, 0.87%, 88, 0, 9, 3061.99
1537550431, 2, 153, 542, 440, 3, 0.87%, 88, 0, 9, 3571.87
1537550436, 2, 310, 543, 440, 2, 0.87%, 88, 0, 9, 3510.33
1537550446, 2, 441, 546, 442, 2, 0.87%, 88, 0, 9, 3942.72
1537550451, 2, 441, 551, 447, 2, 0.87%, 88, 0, 9, 4007.46
1537550456, 2, 452, 551, 446, 1, 0.87%, 88, 0, 9, 3521.65
1537550481, 2, 452, 555, 450, 1, 0.87%, 88, 0, 9, 2848.39
1537550487, 2, 452, 557, 452, 1, 0.87%, 88, 1, 9, 3742.02
1537550492, 2, 463, 559, 453, 1, 0.87%, 88, 1, 9, 3806.93
1537550497, 2, 463, 559, 453, 1, 0.87%, 89, 1, 9, 3604.11
1537550502, 2, 463, 568, 462, 1, 0.87%, 89, 1, 9, 3843.23
1537550507, 2, 463, 573, 467, 1, 0.87%, 89, 1, 9, 3746.49
1537550512, 2, 547, 573, 466, 1, 0.87%, 89, 1, 9, 768.24
1537550517, 2, 547, 576, 469, 1, 0.87%, 89, 1, 9, 791.36
1537550532, 2, 547, 578, 471, 1, 0.87%, 89, 1, 9, 2196.73
1537550538, 2, 547, 580, 473, 1, 0.87%, 89, 1, 9, 2214.01
1537550558, 2, 547, 581, 474, 1, 0.87%, 89, 1, 9, 2336.46
1537550680, 2, 547, 582, 475, 1, 0.87%, 89, 1, 9, 417.86
1537550685, 2, 558, 583, 475, 1, 0.87%, 89, 1, 9, 3297.93
1537550690, 2, 558, 583, 475, 1, 0.87%, 90, 1, 9, 3702.84
1537550695, 2, 558, 585, 477, 1, 0.87%, 91, 1, 9, 3741.73
1537550701, 2, 577, 585, 476, 1, 0.87%, 91, 1, 9, 914.06
1537550706, 2, 577, 587, 478, 1, 0.87%, 91, 1, 10, 1116.87
1537550853, 2, 586, 588, 478, 1, 0.87%, 91, 1, 10, 1440.32
1537550879, 2, 586, 590, 480, 1, 0.87%, 91, 1, 11, 2032.53
1537550889, 2, 586, 593, 483, 1, 0.87%, 91, 1, 11, 1703.21
1537550894, 2, 586, 597, 487, 1, 0.87%, 91, 1, 11, 1713.31
1537550920, 2, 586, 598, 488, 1, 0.87%, 91, 1, 11, 1312.42
1537551022, 2, 586, 599, 489, 1, 0.87%, 92, 1, 11, 1086.31
1537551027, 2, 586, 602, 492, 1, 0.87%, 92, 1, 11, 2246.14
1537551032, 2, 594, 603, 492, 0, 0.87%, 92, 1, 11, 1620.97
1537551042, 2, 594, 604, 493, 0, 0.87%, 92, 1, 12, 1788.96
1537551047, 2, 594, 605, 494, 0, 0.87%, 92, 1, 12, 2043.70
1537551180, 3, 4, 605, 493, 0, 0.87%, 92, 1, 12, 1445.09
1537551185, 3, 18, 605, 489, 0, 0.87%, 92, 1, 12, 3571.48
1537551190, 3, 48, 605, 485, 0, 0.87%, 92, 1, 12, 4031.27
1537551195, 3, 56, 605, 483, 0, 0.87%, 92, 1, 12, 4163.22
1537551200, 3, 65, 605, 480, 0, 0.87%, 92, 1, 12, 4155.75
1537551205, 3, 71, 605, 478, 0, 0.87%, 92, 1, 12, 4067.94
1537551210, 3, 79, 605, 476, 0, 0.87%, 92, 1, 12, 4078.10
1537551215, 3, 84, 605, 475, 0, 0.87%, 92, 1, 12, 3844.23
1537551220, 3, 92, 605, 474, 0, 0.87%, 92, 1, 12, 3639.56
1537551225, 3, 95, 605, 473, 0, 0.87%, 92, 1, 12, 3699.90
1537551230, 3, 108, 605, 472, 0, 0.87%, 92, 1, 12, 3818.37
1537551235, 3, 114, 605, 471, 0, 0.87%, 92, 1, 12, 3900.08
1537551241, 3, 118, 605, 470, 0, 0.87%, 92, 1, 12, 3725.30
1537551246, 3, 119, 605, 469, 0, 0.87%, 92, 1, 12, 3814.99
1537551251, 3, 122, 605, 468, 0, 0.87%, 92, 1, 12, 3915.02
1537551256, 3, 125, 605, 467, 0, 0.87%, 92, 1, 12, 3878.54
1537551266, 3, 131, 605, 466, 0, 0.87%, 92, 1, 12, 3938.90
1537551271, 3, 133, 605, 465, 0, 0.87%, 92, 1, 12, 3835.67
1537551276, 3, 136, 605, 464, 0, 0.87%, 92, 1, 12, 3663.71
1537551286, 3, 138, 605, 463, 0, 0.87%, 92, 1, 12, 3798.82
1537551291, 3, 139, 605, 462, 0, 0.87%, 92, 1, 12, 3809.94
1537551296, 3, 145, 605, 461, 0, 0.87%, 92, 1, 12, 3759.79
1537551301, 3, 149, 605, 460, 0, 0.87%, 92, 1, 12, 3914.76
1537551306, 3, 154, 605, 459, 0, 0.87%, 92, 1, 12, 3880.67
1537551311, 3, 162, 605, 458, 0, 0.87%, 92, 1, 12, 3531.12
1537551316, 3, 163, 605, 457, 0, 0.87%, 92, 1, 12, 3650.17
1537551327, 3, 164, 605, 456, 0, 0.87%, 92, 1, 12, 3311.08
1537551332, 3, 166, 605, 455, 0, 0.87%, 92, 1, 12, 3468.04
1537551337, 3, 169, 605, 454, 0, 0.87%, 92, 1, 12, 3190.12
1537551342, 3, 173, 605, 453, 0, 0.87%, 92, 1, 12, 3618.60
1537551347, 3, 174, 605, 452, 0, 0.87%, 92, 1, 12, 3590.21
1537551357, 3, 193, 605, 451, 1, 0.87%, 92, 1, 12, 2703.04
1537551388, 3, 297, 605, 450, 1, 0.87%, 92, 1, 12, 2025.81
